1.000000000000000167e-06 4.120005768950588121e-01
1.000000000000000021e-03 4.043743687904227668e-01
1.250000000000000278e-01 3.238500505538921548e-01
3.430000000000000271e-01 1.993789941601347426e-01
7.289999999999998703e-01 -2.290189340833011927e-02
1.000000000000000222e+00 -2.118003355568063295e-01
1.727999999999999980e+00 -5.664741099976862149e-01
2.744000000000000217e+00 -1.170452990604886834e+00
4.096000000000000085e+00 -1.881781991146756594e+00
5.831999999999998963e+00 -2.508547978904888343e+00
8.000000000000001776e+00 -2.818696201163658266e+00
1.064799999999999791e+01 -2.924418358739981905e+00
