$SPEC_ID:
No sample description was entered.
$SPEC_REM:
DET# 1
DETDESC# MYON MCB 337
AP# Maestro Version 6.06
$DATE_MEA:
12/07/2020 09:41:21
$MEAS_TIM:
0 200
$DATA:
0 511
       0
       0
      58
    1003
  102009
  582807
  275769
   21852
    1297
    1001
     913
     878
     841
     824
     829
     804
     707
     756
     769
     670
     712
     694
     693
     661
     691
     694
     657
     720
     672
     700
     759
     787
     821
     801
     771
     836
     803
     778
     733
     686
     719
     681
     682
     732
     692
     678
     686
     684
     642
     659
     611
     583
     613
     585
     667
     586
     659
     642
     613
     574
     604
     667
     600
     603
     612
     668
     662
     631
     621
     621
     605
     553
     522
     506
     435
     417
     351
     342
     300
     310
     273
     278
     276
     279
     294
     299
     296
     267
     285
     319
     295
     368
     435
     517
     676
     924
    1166
    1544
    1979
    2388
    2757
    3071
    3230
    3190
    3022
    2422
    2007
    1348
     839
     504
     263
     135
      68
      36
      14
       7
       7
       9
       6
       8
       6
       7
       4
       3
       5
       4
       6
       2
       5
       5
       3
       3
       6
       3
       2
       6
       4
       3
       6
       5
       6
      10
       3
       4
       1
       7
       4
       6
       2
       6
       4
       3
       2
       4
       3
       1
       2
       3
       4
       5
       4
       3
       5
       3
       4
       1
       4
       2
       0
       3
       5
       2
       1
       6
       5
       2
       3
       3
       2
       1
       1
       3
       1
       3
       0
       1
       3
       2
       5
       2
       2
       1
       3
       4
       1
       4
       4
       3
       1
       0
       1
       0
       4
       2
       4
       3
       2
       3
       5
       0
       2
       2
       3
       8
       5
       3
       5
       4
       2
       2
       0
       2
       4
       3
       0
       2
       0
       3
       0
       1
       1
       0
       2
       0
       2
       0
       0
       0
       0
       1
       1
       1
       2
       0
       1
       4
       1
       0
       0
       0
       1
       1
       0
       1
       0
       0
       0
       0
       1
       0
       1
       3
       2
       1
       1
       1
       0
       1
       0
       1
       1
       0
       0
       1
       0
       0
       0
       0
       0
       0
       0
       0
       0
       1
       0
       0
       0
       0
       0
       0
       1
       0
       1
       0
       0
       1
       0
       1
       0
       1
       1
       0
       0
       0
       0
       0
       0
       1
       0
       1
       0
       0
       1
       0
       0
       0
       0
       1
       1
       0
       1
       0
       0
       1
       0
       1
       1
       0
       1
       0
       0
       0
       1
       0
       0
       0
       0
       3
       1
       0
       0
       0
       0
       0
       1
       0
       0
       0
       0
       0
       1
       0
       1
       0
       0
       0
       1
       0
       0
       0
       0
       1
       0
       0
       1
       1
       0
       0
       0
       0
       0
       0
       0
       1
       0
       2
       0
       0
       0
       0
       0
       0
       0
       0
       1
       0
       0
       0
       0
       0
       0
       0
       0
       0
       0
       0
       0
       0
       0
       0
       0
       0
       0
       0
       0
       0
       1
       0
       0
       0
       0
       0
       0
       0
       0
       0
       0
       0
       0
       0
       0
       0
       1
       0
       0
       0
       0
       0
       0
       0
       0
       0
       0
       0
       0
       0
       0
       0
       0
       0
       0
       0
       0
       0
       0
       0
       0
       0
       0
       0
       0
       0
       0
       0
       0
       0
       0
       0
       0
       0
       0
       0
       0
       0
       0
       0
       1
       0
       0
       0
       0
       0
       0
       0
       0
       0
       0
       0
       0
       0
       0
       0
       0
       0
       0
       0
       0
       0
       0
       0
       0
       0
       0
       0
       0
       0
       0
       0
       0
       0
       0
       0
       0
       0
       0
       0
       0
       1
       2
       2
       0
       0
$ROI:
1
93 118
$PRESETS:
Real Time
300
0
$ENER_FIT:
-2.326062 0.088583
$MCA_CAL:
3
-2.326062E+000 8.858320E-002 -1.636990E-004 micr
$SHAPE_CAL:
3
0.000000E+000 0.000000E+000 0.000000E+000
