$SPEC_ID:
No sample description was entered.
$SPEC_REM:
DET# 1
DETDESC# MYON MCB 337
AP# Maestro Version 6.06
$DATE_MEA:
12/07/2020 09:47:41
$MEAS_TIM:
0 200
$DATA:
0 511
       0
       1
      35
     786
   71694
  489536
  252304
   20828
    1106
     839
     741
     753
     758
     681
     719
     667
     699
     646
     668
     656
     590
     631
     660
     700
     689
     687
     730
     676
     756
     744
     767
     799
     805
     852
     817
     904
     845
     903
     833
     837
     757
     681
     670
     631
     639
     700
     674
     666
     647
     715
     658
     675
     695
     645
     639
     618
     612
     604
     606
     590
     609
     599
     660
     573
     607
     605
     615
     674
     641
     545
     562
     521
     470
     435
     392
     353
     320
     306
     269
     259
     246
     264
     240
     252
     251
     275
     304
     345
     352
     387
     430
     507
     648
     783
     957
    1165
    1446
    1943
    2394
    2994
    3411
    3707
    3610
    3326
    2787
    2075
    1387
     876
     508
     248
     102
      58
      29
      10
       5
       6
       7
       3
       6
      11
       6
       3
       7
       6
       4
       2
       2
       6
       6
       4
       4
       4
       7
       3
       7
       4
       4
       3
       7
       4
       7
       3
       8
       2
       2
       2
       3
       8
       4
       6
       3
       3
       4
       8
       2
       2
       2
       2
       2
       7
       6
       3
       6
       5
       3
       5
       3
       4
       3
       4
       2
       2
       2
       5
       2
       5
       1
       3
       2
       2
       1
       3
       4
       1
       1
       2
       4
       0
       4
       1
       0
       0
       1
       4
       3
       1
       6
       1
       1
       3
       4
       2
       2
       1
       1
       2
       2
       2
       4
       4
       3
       4
       2
       3
       2
       8
       2
       5
       2
       1
       1
       0
       3
       1
       1
       1
       0
       1
       0
       1
       0
       1
       4
       0
       1
       1
       0
       2
       0
       0
       0
       2
       1
       0
       0
       1
       0
       2
       0
       0
       1
       0
       0
       1
       1
       0
       0
       0
       3
       1
       0
       1
       1
       1
       2
       0
       0
       1
       0
       0
       0
       1
       0
       0
       0
       1
       0
       1
       1
       0
       1
       0
       1
       0
       0
       1
       0
       0
       0
       0
       0
       0
       2
       0
       0
       0
       0
       0
       0
       1
       1
       1
       0
       0
       0
       0
       0
       0
       0
       0
       1
       0
       0
       0
       0
       1
       0
       1
       1
       0
       1
       0
       1
       1
       1
       0
       1
       1
       0
       1
       0
       0
       1
       0
       0
       0
       0
       0
       0
       0
       0
       0
       0
       0
       0
       0
       0
       1
       1
       0
       0
       0
       0
       0
       1
       1
       0
       0
       0
       0
       0
       0
       1
       0
       1
       0
       0
       0
       0
       0
       1
       0
       0
       0
       0
       1
       0
       0
       0
       0
       0
       0
       0
       0
       1
       0
       0
       0
       0
       0
       0
       0
       0
       1
       0
       0
       0
       0
       0
       0
       0
       0
       0
       0
       0
       0
       0
       0
       0
       0
       0
       0
       0
       0
       0
       0
       0
       0
       0
       0
       0
       0
       0
       0
       0
       0
       0
       1
       1
       0
       0
       0
       0
       0
       0
       0
       0
       0
       0
       0
       0
       0
       0
       0
       0
       0
       0
       0
       0
       0
       0
       0
       0
       0
       0
       0
       0
       0
       0
       0
       0
       0
       0
       0
       0
       0
       0
       0
       0
       0
       0
       0
       0
       0
       0
       0
       0
       0
       0
       0
       0
       0
       0
       0
       0
       0
       0
       0
       0
       0
       0
       0
       0
       0
       0
       0
       0
       0
       0
       0
       0
       1
       0
       1
       1
       0
       1
       0
       0
       0
       0
       0
$ROI:
1
93 118
$PRESETS:
Real Time
300
0
$ENER_FIT:
-2.326062 0.088583
$MCA_CAL:
3
-2.326062E+000 8.858320E-002 -1.636990E-004 micr
$SHAPE_CAL:
3
0.000000E+000 0.000000E+000 0.000000E+000
