$SPEC_ID:
No sample description was entered.
$SPEC_REM:
DET# 1
DETDESC# MYON MCB 337
AP# Maestro Version 6.06
$DATE_MEA:
12/07/2020 09:27:01
$MEAS_TIM:
0 300
$DATA:
0 511
       1
       2
     199
    4440
  490475
 1659021
  587584
   37917
    1891
    1387
    1298
    1193
    1153
    1088
    1077
     996
    1025
     971
     963
     951
     890
     922
     890
     918
     947
    1003
     979
    1023
     959
    1025
    1030
    1103
    1156
    1206
    1262
    1254
    1289
    1196
    1158
    1235
    1161
    1130
    1071
    1037
    1055
     987
    1037
     962
     995
     942
     913
     941
     988
     912
     924
     907
     933
     930
     845
     911
     906
     889
     954
     926
     949
     960
     906
     905
     986
     948
     896
     973
     900
     860
     834
     664
     636
     525
     492
     415
     414
     394
     410
     363
     384
     373
     335
     356
     346
     382
     388
     367
     417
     430
     450
     539
     745
    1072
    1539
    2315
    3300
    4412
    5496
    6118
    6424
    6009
    5265
    4216
    2978
    1909
    1102
     591
     270
     115
      66
      26
      17
      10
       9
       4
      10
      16
       9
       7
       8
       8
       5
      10
       7
       5
       8
       6
       6
       2
       3
       6
       6
       4
       6
       4
       6
       9
      15
       5
       3
      10
      12
       8
       4
       6
       6
       5
       5
       3
       6
       4
       3
       2
       6
       1
       3
       3
       2
       1
       3
       4
       5
       3
       3
       3
       3
       2
       7
       5
       5
       4
      10
       4
       5
       3
       4
       5
       3
       2
       7
       6
       2
       1
       1
       2
       2
       2
       1
       2
       2
       6
       1
       3
       4
       4
       0
       1
       4
       5
       0
       2
       1
       1
       3
       5
       4
       4
       5
       5
       1
       3
       2
       7
       5
      10
       8
       5
      10
       3
       3
       7
       2
       0
       3
       0
       4
       1
       0
       0
       2
       1
       1
       2
       0
       1
       2
       0
       0
       1
       0
       0
       0
       0
       3
       2
       0
       0
       3
       1
       1
       0
       1
       1
       0
       2
       2
       1
       1
       1
       1
       0
       0
       3
       2
       2
       0
       0
       1
       1
       1
       0
       0
       0
       0
       0
       0
       2
       2
       0
       2
       1
       1
       0
       0
       0
       0
       0
       2
       1
       2
       1
       0
       0
       1
       3
       0
       0
       2
       0
       1
       0
       3
       3
       0
       0
       0
       1
       0
       0
       0
       3
       0
       0
       0
       1
       0
       2
       0
       2
       1
       3
       1
       2
       1
       1
       1
       2
       0
       1
       0
       1
       1
       1
       0
       0
       1
       0
       0
       0
       0
       0
       0
       0
       0
       0
       0
       3
       0
       0
       0
       0
       0
       0
       0
       0
       1
       0
       0
       0
       0
       0
       0
       0
       0
       0
       0
       0
       0
       0
       0
       0
       0
       0
       1
       0
       1
       1
       0
       0
       1
       1
       0
       1
       0
       3
       1
       0
       0
       0
       1
       1
       0
       0
       0
       0
       0
       0
       0
       0
       0
       0
       0
       0
       0
       0
       0
       0
       0
       0
       0
       0
       0
       0
       0
       0
       0
       0
       0
       0
       0
       0
       0
       0
       0
       0
       0
       0
       0
       0
       0
       0
       0
       0
       0
       0
       0
       0
       0
       0
       0
       0
       0
       0
       0
       0
       0
       0
       0
       0
       0
       0
       0
       0
       0
       0
       0
       0
       0
       0
       0
       0
       0
       0
       0
       0
       0
       0
       0
       0
       0
       0
       0
       0
       0
       0
       0
       0
       0
       0
       0
       0
       0
       0
       0
       0
       0
       0
       0
       0
       0
       0
       0
       0
       0
       0
       1
       0
       0
       1
       0
       0
       0
       3
       0
       1
       0
       1
$ROI:
1
93 118
$PRESETS:
Real Time
300
0
$ENER_FIT:
-2.326062 0.088583
$MCA_CAL:
3
-2.326062E+000 8.858320E-002 -1.636990E-004 micr
$SHAPE_CAL:
3
0.000000E+000 0.000000E+000 0.000000E+000
