$SPEC_ID:
No sample description was entered.
$SPEC_REM:
DET# 1
DETDESC# MYON MCB 337
AP# Maestro Version 6.06
$DATE_MEA:
12/07/2020 10:01:57
$MEAS_TIM:
0 201
$DATA:
0 511
       0
       0
       1
     153
   46592
  419015
  250498
   22924
     477
     129
     106
     114
     103
      84
     113
      92
     107
     107
     119
     112
     115
     109
      99
     128
     137
     159
     141
     125
     167
     167
     161
     138
     136
     131
     139
     142
     140
     122
     124
     142
     130
     109
     124
      88
      93
     112
      89
     100
      94
     105
      89
      92
      78
      99
      85
      90
      70
      90
     103
      82
      91
      77
      84
      89
      95
      89
      85
      84
      83
      83
      74
      75
      61
      61
      54
      58
      43
      63
      57
      69
      54
      44
      47
      33
      40
      31
      32
      25
      45
      43
      42
      44
      52
      53
      60
     102
     139
     199
     284
     333
     397
     408
     430
     407
     338
     236
     169
      84
      59
      41
      19
      12
       7
       5
       5
       9
       7
       5
       4
       4
       2
       5
       8
       5
       3
       2
       5
       6
       8
       5
       5
       2
       4
       5
       4
       4
       3
       7
       7
       3
       7
       3
       5
       4
       3
       5
       3
       3
       2
       2
       3
       3
       4
       2
       4
       0
       2
       3
       6
       1
       2
       4
       3
       7
       4
       7
       3
       0
       0
       2
       2
       3
       4
       4
       2
       5
       2
       1
       4
       0
       2
       3
       5
       4
       3
       1
       3
       1
       2
       1
       1
       3
       1
       1
       0
       2
       0
       3
       0
       1
       2
       2
       0
       0
       3
       4
       3
       7
       8
       1
       2
       4
       3
       5
       6
       2
       3
       1
       3
       1
       0
       4
       1
       0
       0
       0
       3
       0
       0
       1
       1
       3
       0
       2
       1
       0
       1
       0
       0
       0
       1
       0
       0
       0
       0
       0
       0
       1
       0
       0
       0
       2
       1
       0
       0
       0
       3
       1
       0
       0
       0
       0
       0
       1
       0
       1
       1
       0
       0
       2
       0
       0
       0
       0
       0
       1
       0
       0
       1
       0
       0
       0
       1
       0
       2
       1
       0
       1
       0
       0
       0
       0
       1
       0
       0
       0
       0
       3
       1
       2
       1
       1
       0
       0
       0
       0
       0
       0
       0
       0
       1
       1
       1
       1
       0
       1
       1
       0
       2
       0
       0
       0
       0
       1
       0
       0
       1
       0
       0
       0
       0
       0
       0
       0
       0
       0
       0
       0
       0
       0
       1
       0
       0
       0
       0
       0
       0
       0
       0
       0
       0
       0
       0
       0
       0
       0
       1
       0
       0
       1
       0
       0
       0
       0
       0
       0
       1
       1
       0
       0
       0
       0
       0
       0
       0
       0
       1
       1
       2
       0
       0
       0
       0
       1
       0
       0
       0
       0
       0
       0
       0
       0
       0
       0
       0
       0
       0
       0
       0
       0
       0
       0
       0
       0
       0
       0
       0
       0
       0
       0
       0
       0
       0
       0
       0
       0
       0
       0
       0
       0
       0
       0
       0
       0
       0
       0
       0
       1
       0
       1
       0
       0
       0
       0
       0
       0
       0
       0
       0
       0
       0
       0
       0
       0
       0
       0
       0
       0
       0
       0
       0
       0
       0
       0
       0
       0
       0
       0
       0
       0
       0
       0
       0
       0
       0
       0
       0
       0
       0
       0
       0
       0
       0
       0
       0
       0
       0
       0
       0
       0
       0
       0
       0
       0
       0
       0
       0
       0
       0
       0
       0
       0
       0
       0
       0
       0
       0
       1
       0
       0
       0
       0
       1
       0
       0
       1
       1
       0
       0
       0
       0
       2
$ROI:
1
93 118
$PRESETS:
Real Time
300
0
$ENER_FIT:
-2.326062 0.088583
$MCA_CAL:
3
-2.326062E+000 8.858320E-002 -1.636990E-004 micr
$SHAPE_CAL:
3
0.000000E+000 0.000000E+000 0.000000E+000
