$SPEC_ID:
No sample description was entered.
$SPEC_REM:
DET# 1
DETDESC# MYON MCB 337
AP# Maestro Version 6.06
$DATE_MEA:
12/07/2020 09:53:45
$MEAS_TIM:
0 211
$DATA:
0 511
       0
       0
       6
     270
   66851
  550326
  324410
   30509
     749
     188
     159
     145
     142
     157
     140
     134
     138
     156
     151
     141
     136
     150
     160
     171
     160
     179
     190
     202
     192
     202
     192
     164
     186
     202
     173
     174
     163
     187
     186
     188
     156
     178
     169
     153
     136
     151
     137
     156
     163
     125
     141
     122
     157
     139
     115
     147
     133
     123
     120
     117
     126
     126
     111
     118
     128
     120
     138
     123
     122
     124
     128
     118
     114
      87
      93
     100
      72
      81
      75
      62
      60
      62
      77
      49
      39
      43
      37
      45
      34
      51
      48
      67
      64
      82
      71
     130
     166
     234
     342
     438
     507
     633
     689
     701
     653
     564
     477
     329
     203
     149
      88
      38
      16
       8
       2
       8
       8
      13
       4
       9
       8
       5
       5
       6
       6
       3
       4
       7
       3
       4
       6
       7
       2
       5
       4
       6
       5
       6
       3
       7
       4
       5
       5
       9
       3
       2
       6
       3
       6
       4
       6
       5
       6
       5
       2
       6
       4
       1
       1
       5
       0
       4
       4
       1
       3
       1
       3
       5
       2
       3
       1
       4
       6
       3
       3
       5
       1
       4
       3
       1
       2
       4
       3
       3
       1
       4
       2
       6
       2
       2
       0
       1
       1
       5
       1
       1
       0
       2
       2
       1
       2
       3
       2
       0
       2
       1
       2
       1
      11
       3
       0
       2
       2
       5
       1
       4
       3
       1
       3
       3
       3
       2
       2
       4
       2
       1
       0
       1
       0
       0
       0
       0
       2
       1
       1
       1
       1
       1
       0
       0
       1
       1
       1
       1
       1
       0
       3
       0
       1
       1
       1
       2
       0
       1
       1
       1
       1
       0
       0
       1
       1
       2
       1
       0
       0
       0
       0
       0
       0
       0
       1
       1
       0
       0
       0
       0
       1
       0
       0
       0
       0
       1
       0
       0
       0
       1
       0
       0
       0
       0
       0
       1
       0
       0
       1
       0
       0
       0
       0
       0
       0
       0
       0
       0
       0
       0
       0
       1
       0
       0
       2
       1
       0
       1
       0
       1
       0
       1
       0
       1
       0
       0
       0
       1
       0
       0
       0
       0
       0
       0
       0
       1
       0
       0
       0
       0
       0
       0
       0
       0
       2
       0
       0
       0
       0
       0
       0
       0
       0
       0
       0
       1
       0
       0
       0
       0
       0
       0
       0
       1
       0
       0
       0
       0
       0
       0
       1
       1
       0
       0
       0
       0
       0
       0
       1
       0
       0
       0
       1
       1
       0
       0
       0
       0
       0
       0
       0
       0
       1
       0
       0
       0
       0
       1
       0
       0
       0
       0
       0
       0
       0
       0
       0
       0
       0
       0
       0
       0
       0
       0
       0
       0
       0
       0
       0
       0
       0
       0
       0
       0
       0
       0
       0
       0
       0
       0
       0
       0
       0
       0
       0
       1
       0
       0
       0
       0
       0
       1
       0
       0
       0
       0
       0
       0
       0
       0
       0
       0
       0
       0
       0
       0
       0
       0
       0
       0
       0
       0
       0
       0
       0
       0
       0
       0
       0
       0
       0
       0
       0
       0
       0
       0
       0
       0
       0
       0
       0
       0
       0
       0
       0
       0
       0
       0
       0
       0
       0
       0
       0
       0
       0
       0
       0
       0
       0
       0
       0
       0
       0
       0
       1
       0
       3
       1
       0
       1
       1
       1
       1
       1
       0
       1
$ROI:
1
93 118
$PRESETS:
Real Time
300
0
$ENER_FIT:
-2.326062 0.088583
$MCA_CAL:
3
-2.326062E+000 8.858320E-002 -1.636990E-004 micr
$SHAPE_CAL:
3
0.000000E+000 0.000000E+000 0.000000E+000
