$SPEC_ID:
No sample description was entered.
$SPEC_REM:
DET# 1
DETDESC# MYON MCB 337
AP# Maestro Version 6.06
$DATE_MEA:
12/07/2020 10:06:19
$MEAS_TIM:
0 200
$DATA:
0 511
       0
       0
       4
     168
   37663
  362872
  221442
   20595
     473
     181
     130
     133
     143
     134
     132
     125
     130
     151
     155
     139
     143
     144
     147
     164
     142
     142
     181
     169
     169
     179
     150
     184
     181
     159
     159
     163
     150
     163
     156
     161
     130
     147
     148
     140
     132
     118
     110
     121
     119
      94
     127
     116
     118
     122
     104
     120
      93
     124
     111
     109
     103
      96
     109
      91
     112
     114
     109
      91
      91
      90
     109
     102
      94
      64
      65
      58
      47
      57
      63
      58
      50
      74
      67
      52
      58
      79
      80
      75
      73
      91
      93
      90
     113
     111
     134
     163
     231
     271
     365
     455
     464
     485
     528
     445
     342
     255
     151
     100
      58
      36
      11
       8
       7
       9
       3
       7
       5
       4
       4
       9
       7
       3
       3
       7
       5
       5
       4
       2
       2
       6
       4
       3
       5
       1
       7
       5
       5
      12
       5
      11
       5
       2
       5
       1
       6
       3
       2
       7
       3
       1
       6
       2
       3
       2
       5
       4
       1
       5
       6
       2
       3
       1
       6
       1
       8
       3
       5
       1
       4
       4
       1
       2
       1
       4
       2
       4
       4
       3
       3
       2
       2
       3
       1
       2
       2
       1
       2
       1
       2
       3
       2
       1
       3
       1
       0
       0
       2
       0
       0
       0
       0
       1
       2
       0
       3
       2
       2
       3
       2
       2
       6
       1
       2
       5
       3
       1
       4
       1
       3
       4
       1
       3
       2
       1
       1
       2
       1
       2
       1
       0
       1
       2
       0
       2
       0
       0
       0
       0
       1
       1
       0
       0
       0
       1
       1
       1
       0
       1
       1
       0
       0
       0
       0
       0
       0
       0
       0
       0
       0
       1
       0
       0
       1
       1
       0
       0
       1
       1
       0
       0
       1
       0
       0
       0
       0
       1
       1
       0
       1
       1
       0
       0
       0
       0
       1
       0
       1
       0
       0
       0
       0
       0
       0
       0
       0
       0
       0
       0
       0
       1
       1
       0
       0
       1
       1
       0
       0
       0
       1
       0
       1
       1
       0
       1
       1
       0
       0
       1
       0
       0
       2
       0
       0
       0
       0
       1
       0
       0
       0
       0
       0
       0
       0
       1
       0
       0
       2
       1
       0
       1
       1
       0
       0
       0
       0
       0
       0
       0
       0
       0
       0
       1
       0
       0
       0
       0
       0
       1
       0
       0
       1
       0
       0
       0
       0
       0
       0
       0
       1
       0
       0
       2
       0
       0
       1
       0
       0
       0
       0
       2
       0
       0
       0
       0
       0
       0
       0
       0
       0
       0
       0
       0
       0
       0
       0
       1
       0
       0
       0
       0
       1
       0
       0
       0
       0
       0
       1
       0
       0
       0
       0
       1
       0
       0
       0
       0
       0
       0
       0
       0
       0
       0
       0
       0
       0
       0
       0
       0
       0
       0
       0
       0
       0
       0
       1
       0
       0
       0
       0
       0
       0
       0
       0
       0
       0
       0
       0
       0
       0
       0
       0
       0
       0
       0
       0
       0
       0
       0
       0
       0
       0
       0
       0
       0
       0
       0
       0
       0
       0
       0
       0
       0
       0
       0
       0
       0
       0
       0
       0
       0
       0
       0
       0
       0
       0
       0
       0
       0
       0
       0
       0
       0
       0
       0
       0
       0
       0
       0
       0
       0
       1
       0
       0
       0
       1
       0
       1
       0
       1
       0
       0
       0
$ROI:
1
93 118
$PRESETS:
Real Time
300
0
$ENER_FIT:
-2.326062 0.088583
$MCA_CAL:
3
-2.326062E+000 8.858320E-002 -1.636990E-004 micr
$SHAPE_CAL:
3
0.000000E+000 0.000000E+000 0.000000E+000
