$SPEC_ID:
No sample description was entered.
$SPEC_REM:
DET# 1
DETDESC# MYON MCB 337
AP# Maestro Version 6.06
$DATE_MEA:
12/07/2020 10:26:05
$MEAS_TIM:
0 200
$DATA:
0 511
       0
       0
      20
     291
   29853
  333119
  226426
   23253
     892
     537
     483
     480
     458
     420
     426
     446
     453
     424
     427
     414
     376
     379
     461
     464
     451
     478
     514
     485
     485
     474
     516
     558
     568
     573
     543
     539
     558
     534
     487
     544
     522
     474
     475
     456
     466
     479
     408
     384
     423
     449
     400
     421
     447
     426
     439
     432
     418
     408
     419
     392
     406
     469
     429
     440
     444
     429
     416
     415
     439
     452
     397
     330
     335
     305
     289
     246
     225
     189
     217
     191
     161
     149
     146
     155
     170
     174
     203
     187
     185
     238
     232
     266
     360
     472
     585
     824
    1122
    1466
    1793
    2090
    2411
    2430
    2317
    2167
    1773
    1266
     881
     593
     317
     172
      96
      47
      20
       8
       9
       6
       1
       6
       4
       5
       6
       7
       5
       2
       2
       5
       7
       4
       5
       7
       5
       3
       4
       7
       2
       6
       6
       5
       3
       1
       7
       0
       8
       5
      10
       8
       5
       2
       6
       2
       8
       2
       2
       2
       2
       4
       3
       5
       3
       5
       2
       3
       2
       2
       3
       2
       2
       1
       3
       1
       6
       4
       2
       3
       4
       1
       0
       1
       4
       1
       7
       3
       4
       2
       3
       2
       1
       1
       3
       3
       3
       1
       2
       3
       2
       3
       3
       1
       1
       3
       2
       6
       2
       2
       5
       1
       1
       3
       7
       5
       6
       3
       3
       2
       3
       8
       4
       6
       1
       1
       0
       1
       1
       1
       1
       0
       1
       0
       0
       0
       0
       1
       0
       2
       0
       1
       1
       0
       1
       1
       2
       0
       1
       2
       2
       1
       0
       0
       1
       0
       0
       1
       0
       0
       1
       2
       1
       0
       0
       2
       1
       1
       2
       0
       1
       0
       1
       0
       1
       0
       0
       0
       0
       0
       0
       0
       0
       0
       0
       1
       1
       1
       0
       2
       0
       0
       1
       0
       0
       1
       0
       0
       0
       0
       1
       1
       1
       0
       1
       1
       0
       0
       0
       0
       0
       0
       0
       0
       0
       2
       0
       1
       1
       0
       0
       0
       1
       0
       0
       0
       0
       0
       0
       1
       0
       2
       1
       0
       0
       0
       0
       1
       0
       1
       0
       0
       0
       0
       0
       0
       0
       0
       0
       0
       0
       0
       0
       0
       0
       0
       0
       0
       0
       0
       0
       0
       0
       0
       1
       0
       1
       0
       0
       0
       1
       0
       0
       0
       0
       0
       1
       0
       0
       0
       1
       0
       0
       1
       0
       1
       1
       0
       0
       0
       0
       1
       0
       0
       0
       0
       0
       0
       0
       0
       0
       0
       0
       0
       0
       0
       0
       0
       0
       0
       0
       0
       0
       0
       0
       0
       0
       0
       0
       0
       0
       0
       0
       0
       0
       0
       0
       0
       0
       0
       0
       0
       0
       0
       0
       0
       0
       1
       0
       0
       0
       0
       0
       0
       0
       0
       1
       1
       0
       0
       0
       0
       1
       0
       0
       0
       0
       0
       0
       0
       0
       0
       0
       0
       0
       0
       0
       0
       0
       0
       0
       0
       0
       0
       0
       0
       0
       0
       0
       0
       0
       0
       0
       0
       0
       0
       0
       0
       0
       0
       0
       0
       0
       0
       0
       0
       0
       0
       0
       0
       0
       0
       0
       0
       0
       0
       0
       0
       2
       0
       1
       1
       0
       1
       1
       0
       1
       1
$ROI:
1
93 118
$PRESETS:
Real Time
300
0
$ENER_FIT:
-2.326062 0.088583
$MCA_CAL:
3
-2.326062E+000 8.858320E-002 -1.636990E-004 micr
$SHAPE_CAL:
3
0.000000E+000 0.000000E+000 0.000000E+000
