$SPEC_ID:
No sample description was entered.
$SPEC_REM:
DET# 1
DETDESC# MYON MCB 337
AP# Maestro Version 6.06
$DATE_MEA:
12/07/2020 10:18:00
$MEAS_TIM:
0 200
$DATA:
0 511
       0
       0
      23
     378
   33287
  357322
  241277
   25424
    1100
     616
     558
     606
     502
     560
     483
     484
     500
     485
     470
     433
     456
     470
     496
     491
     529
     537
     559
     501
     555
     572
     566
     541
     574
     575
     598
     552
     560
     545
     532
     525
     549
     515
     467
     489
     470
     491
     438
     471
     441
     466
     432
     422
     408
     427
     448
     428
     455
     443
     451
     433
     456
     444
     433
     423
     422
     439
     435
     446
     463
     476
     454
     383
     356
     343
     284
     278
     240
     203
     198
     204
     171
     165
     172
     157
     162
     168
     193
     170
     168
     198
     192
     227
     250
     312
     475
     612
     899
    1192
    1645
    2108
    2473
    2806
    2761
    2576
    2240
    1724
    1271
     839
     464
     258
     143
      58
      31
      11
      10
       8
       3
       4
       9
       6
       8
       3
       6
       5
       5
       0
       4
       1
       6
       6
       3
       4
       5
       3
       5
       3
       5
       4
       8
       5
       6
       3
       4
       5
       5
       3
       5
       4
       4
       2
       4
       4
       3
       1
       0
       2
       7
       1
       3
       3
       3
       3
       3
       4
       1
       1
       3
       2
       4
       1
       3
       4
       2
       1
       6
       2
       5
       3
       3
       2
       1
       4
       0
       1
       5
       4
       4
       3
       0
       1
       1
       2
       2
       1
       1
       1
       2
       1
       2
       3
       0
       2
       4
       1
       1
       0
       5
       1
       2
       4
       3
       3
       2
       4
       2
       3
       3
       3
       2
       4
       3
       2
       4
       3
       3
       0
       0
       1
       3
       1
       1
       0
       2
       1
       1
       0
       2
       0
       0
       0
       0
       1
       0
       0
       1
       1
       0
       1
       1
       0
       0
       1
       1
       1
       1
       0
       3
       0
       0
       0
       0
       0
       1
       1
       0
       2
       0
       0
       0
       1
       1
       1
       0
       0
       0
       1
       0
       0
       1
       0
       0
       0
       0
       0
       1
       0
       0
       0
       1
       0
       0
       0
       0
       0
       0
       0
       0
       0
       2
       0
       1
       1
       1
       0
       1
       1
       0
       1
       0
       1
       1
       0
       0
       0
       0
       0
       0
       0
       0
       0
       1
       1
       0
       0
       0
       0
       0
       1
       0
       0
       0
       0
       1
       0
       0
       0
       0
       1
       1
       0
       0
       0
       0
       0
       2
       0
       0
       1
       0
       0
       0
       0
       1
       0
       0
       0
       0
       0
       2
       2
       0
       0
       0
       0
       0
       0
       0
       3
       0
       0
       1
       0
       1
       1
       0
       1
       1
       0
       0
       0
       1
       0
       1
       0
       0
       0
       0
       0
       0
       0
       0
       0
       0
       0
       0
       0
       0
       0
       0
       1
       0
       0
       0
       0
       0
       0
       0
       0
       0
       0
       0
       0
       0
       0
       0
       0
       0
       0
       0
       0
       0
       0
       0
       0
       0
       0
       0
       0
       0
       0
       0
       0
       0
       0
       0
       0
       0
       0
       0
       0
       0
       0
       0
       0
       0
       0
       0
       0
       0
       0
       0
       0
       0
       0
       0
       0
       0
       0
       0
       0
       0
       0
       0
       0
       0
       0
       0
       0
       0
       0
       0
       0
       0
       0
       0
       0
       0
       0
       0
       0
       0
       0
       0
       0
       0
       0
       0
       0
       0
       0
       0
       0
       0
       0
       0
       0
       0
       0
       0
       0
       0
       0
       1
       0
       1
       0
       0
       0
       2
       1
       0
       1
$ROI:
1
93 118
$PRESETS:
Real Time
300
0
$ENER_FIT:
-2.326062 0.088583
$MCA_CAL:
3
-2.326062E+000 8.858320E-002 -1.636990E-004 micr
$SHAPE_CAL:
3
0.000000E+000 0.000000E+000 0.000000E+000
