$SPEC_ID:
No sample description was entered.
$SPEC_REM:
DET# 1
DETDESC# MYON MCB 337
AP# Maestro Version 6.06
$DATE_MEA:
12/07/2020 10:08:22
$MEAS_TIM:
0 209
$DATA:
0 511
       0
       0
      38
     535
   48449
  475363
  319107
   34408
    1289
     637
     623
     537
     544
     542
     507
     523
     447
     474
     517
     490
     438
     454
     464
     466
     563
     526
     473
     548
     505
     557
     598
     597
     586
     634
     685
     605
     658
     627
     563
     618
     538
     562
     470
     548
     459
     512
     500
     508
     481
     479
     464
     470
     500
     438
     468
     447
     446
     473
     471
     452
     441
     475
     438
     474
     438
     491
     505
     470
     492
     471
     481
     448
     412
     399
     370
     324
     277
     274
     236
     234
     199
     200
     181
     176
     191
     181
     179
     182
     187
     173
     211
     203
     215
     229
     244
     335
     436
     709
    1010
    1406
    1874
    2487
    2884
    3066
    3085
    2890
    2382
    1738
    1223
     736
     396
     217
      91
      38
      21
      14
       4
       9
       5
       2
       6
       5
       5
       5
       8
       8
       6
       8
       3
       6
      11
       7
       4
       7
       9
       3
       3
       4
       7
       3
       4
       4
       5
       4
       5
       2
       1
       4
       7
       6
       7
       6
       5
       6
       6
       4
       0
       2
       4
       2
       1
       4
       1
       4
       2
       8
       2
       3
       6
       3
       2
       3
       6
       2
       3
       6
       3
       4
       4
       2
       1
       2
       4
       3
       2
       1
       2
       2
       5
       3
       4
       1
       1
       3
       3
       1
       0
       0
       1
       3
       3
       2
       1
       2
       2
       2
       1
       1
       0
       5
       7
       5
       5
       3
       4
       4
       4
       5
       6
       6
       3
       3
       3
       2
       2
       2
       1
       3
       1
       3
       1
       0
       0
       2
       1
       0
       2
       1
       1
       0
       1
       1
       0
       0
       1
       0
       0
       0
       1
       1
       0
       0
       3
       1
       0
       1
       0
       1
       0
       0
       2
       0
       0
       0
       1
       2
       0
       1
       0
       1
       0
       0
       0
       0
       0
       0
       0
       1
       0
       0
       0
       1
       2
       0
       0
       0
       0
       0
       1
       1
       1
       0
       0
       0
       1
       0
       2
       1
       0
       0
       0
       1
       0
       1
       0
       2
       0
       0
       1
       0
       0
       1
       0
       0
       0
       0
       1
       1
       0
       0
       1
       0
       0
       0
       0
       0
       0
       0
       2
       0
       0
       0
       0
       1
       0
       0
       0
       0
       0
       0
       0
       1
       0
       0
       0
       1
       3
       0
       0
       0
       0
       0
       0
       0
       0
       0
       0
       0
       0
       0
       0
       0
       0
       0
       1
       0
       1
       0
       0
       0
       0
       0
       0
       1
       2
       1
       0
       0
       1
       1
       1
       0
       0
       0
       0
       0
       0
       0
       0
       0
       0
       0
       0
       0
       0
       0
       0
       0
       0
       0
       0
       0
       0
       0
       0
       0
       0
       0
       0
       1
       0
       0
       0
       0
       0
       0
       0
       0
       0
       0
       0
       0
       0
       1
       0
       0
       0
       0
       0
       0
       0
       0
       1
       0
       0
       0
       0
       0
       0
       0
       1
       0
       0
       0
       0
       0
       0
       0
       0
       0
       0
       0
       0
       0
       0
       0
       0
       0
       0
       0
       0
       0
       0
       0
       0
       0
       0
       0
       0
       0
       0
       0
       0
       0
       0
       0
       0
       0
       0
       0
       0
       0
       0
       0
       0
       0
       0
       0
       0
       0
       0
       0
       0
       0
       0
       0
       0
       0
       0
       0
       0
       1
       0
       0
       1
       0
       2
       0
       0
       1
       0
       2
$ROI:
1
93 118
$PRESETS:
Real Time
300
0
$ENER_FIT:
-2.326062 0.088583
$MCA_CAL:
3
-2.326062E+000 8.858320E-002 -1.636990E-004 micr
$SHAPE_CAL:
3
0.000000E+000 0.000000E+000 0.000000E+000
