$SPEC_ID:
No sample description was entered.
$SPEC_REM:
DET# 1
DETDESC# MYON MCB 337
AP# Maestro Version 6.06
$DATE_MEA:
12/07/2020 10:41:21
$MEAS_TIM:
0 300
$DATA:
0 511
       0
       0
       8
     239
   33722
  421227
  297596
   31003
     939
     415
     352
     401
     370
     336
     332
     391
     359
     355
     380
     380
     363
     356
     393
     426
     399
     443
     419
     455
     471
     435
     464
     474
     453
     451
     447
     458
     416
     458
     398
     438
     393
     391
     361
     373
     403
     366
     350
     363
     357
     353
     369
     361
     379
     314
     350
     297
     326
     320
     319
     333
     321
     359
     329
     321
     345
     310
     335
     350
     329
     341
     351
     354
     292
     269
     207
     187
     177
     146
     167
     154
     165
     144
     178
     179
     186
     209
     182
     212
     226
     223
     254
     297
     345
     465
     606
     761
     974
    1201
    1547
    1713
    1842
    1817
    1690
    1465
    1106
     777
     496
     262
     146
      64
      44
      18
      17
      14
       7
       9
      10
      10
      10
       8
       4
       7
      10
       3
       9
       4
       9
       4
       4
       6
       8
       6
       8
       6
       9
      12
       5
       9
       3
       7
       5
       5
      10
       5
       7
       7
      13
      12
       4
       6
       5
       5
       7
       7
       5
       9
       7
       8
       4
       8
       3
       5
       6
       7
       9
       7
       1
       3
       7
       6
       4
       1
       1
       5
       3
       4
       4
       4
       3
       3
       5
       3
       2
       2
       4
       0
       0
       0
       0
       1
       3
       3
       4
       4
       4
       4
       3
       2
       7
       4
       4
       1
       2
       4
       4
       5
       3
       5
       2
       2
       4
       5
       6
       2
       6
       4
       5
       6
       4
       3
       1
       2
       1
       0
       3
       4
       2
       0
       4
       0
       2
       2
       3
       0
       1
       1
       0
       0
       0
       0
       2
       1
       0
       0
       1
       0
       2
       0
       0
       2
       2
       0
       0
       1
       0
       2
       0
       2
       0
       0
       1
       2
       0
       0
       0
       0
       0
       0
       0
       1
       1
       1
       0
       0
       0
       0
       1
       0
       1
       1
       0
       1
       0
       0
       0
       0
       0
       0
       0
       1
       1
       0
       0
       2
       0
       0
       0
       2
       0
       0
       2
       1
       0
       1
       0
       2
       2
       2
       0
       1
       0
       2
       0
       1
       1
       0
       0
       0
       0
       1
       1
       0
       2
       0
       0
       1
       1
       0
       0
       0
       0
       0
       0
       0
       0
       1
       0
       0
       0
       0
       0
       1
       1
       1
       0
       1
       1
       0
       1
       0
       0
       0
       0
       1
       0
       1
       0
       0
       0
       0
       0
       0
       0
       1
       2
       1
       1
       0
       0
       0
       1
       1
       2
       0
       0
       0
       0
       1
       0
       0
       0
       0
       0
       1
       1
       0
       0
       0
       0
       0
       0
       0
       0
       0
       0
       0
       0
       0
       0
       0
       0
       0
       0
       0
       0
       0
       1
       0
       0
       0
       0
       0
       0
       0
       0
       0
       0
       0
       0
       0
       0
       1
       0
       0
       0
       0
       0
       0
       0
       0
       0
       0
       0
       0
       0
       0
       0
       0
       0
       0
       0
       0
       0
       0
       0
       0
       0
       0
       0
       0
       0
       0
       0
       0
       0
       0
       0
       0
       0
       0
       0
       0
       0
       0
       0
       0
       0
       0
       0
       0
       0
       0
       0
       0
       0
       0
       0
       0
       0
       0
       0
       0
       0
       0
       0
       0
       0
       0
       0
       0
       0
       0
       0
       0
       1
       0
       0
       0
       0
       0
       0
       1
       0
       0
       0
       1
       1
       2
       3
       0
       0
       1
$ROI:
1
93 118
$PRESETS:
Real Time
300
0
$ENER_FIT:
-2.326062 0.088583
$MCA_CAL:
3
-2.326062E+000 8.858320E-002 -1.636990E-004 micr
$SHAPE_CAL:
3
0.000000E+000 0.000000E+000 0.000000E+000
