$SPEC_ID:
No sample description was entered.
$SPEC_REM:
DET# 1
DETDESC# MYON MCB 337
AP# Maestro Version 6.06
$DATE_MEA:
12/07/2020 11:21:20
$MEAS_TIM:
0 300
$DATA:
0 511
       0
       0
      21
     478
   45289
  577521
  449059
   56172
    1959
     629
     595
     538
     548
     527
     477
     475
     471
     502
     466
     465
     403
     436
     521
     507
     573
     527
     522
     555
     572
     521
     569
     620
     569
     618
     631
     646
     684
     599
     583
     589
     579
     580
     545
     552
     512
     554
     515
     570
     516
     529
     511
     503
     489
     482
     466
     437
     462
     438
     477
     461
     485
     466
     485
     499
     474
     523
     478
     497
     475
     478
     490
     421
     455
     418
     386
     309
     302
     286
     245
     261
     233
     211
     223
     179
     208
     173
     149
     195
     200
     189
     197
     180
     200
     219
     213
     257
     349
     552
     816
    1193
    1655
    2318
    2677
    3143
    3201
    3063
    2660
    2055
    1403
     945
     497
     280
     123
      58
      25
      15
      10
       4
       8
       9
       5
      10
       9
       8
       6
       5
       9
      10
       9
       3
       9
       3
       4
      10
       8
       9
       8
       7
       6
       8
       6
       6
       9
       5
       7
       2
       7
       5
       8
       6
       7
       4
       3
       5
       7
       4
       2
       3
       2
       3
       2
       5
       4
       2
       8
       3
       7
       5
       4
       7
       6
       4
       7
       2
       1
       2
       2
       6
       2
       5
       3
      10
       2
       8
       6
       2
       4
       3
       2
       4
       3
       5
       3
       1
       2
       3
       1
       2
       1
       1
       0
       2
       4
       4
       2
       4
       2
       1
       4
       5
       4
       4
       4
       6
       6
       6
       6
       5
       6
       3
       2
       2
       7
       5
       5
       2
       4
       2
       1
       0
       0
       3
       0
       0
       2
       1
       2
       0
       1
       1
       3
       1
       4
       0
       1
       2
       1
       3
       0
       1
       3
       0
       2
       1
       1
       1
       0
       1
       2
       3
       1
       0
       1
       1
       2
       3
       0
       4
       0
       0
       1
       1
       2
       0
       0
       0
       1
       2
       0
       0
       0
       0
       0
       1
       1
       1
       1
       1
       1
       1
       0
       0
       1
       0
       1
       0
       2
       1
       1
       0
       1
       2
       0
       0
       2
       0
       0
       0
       0
       0
       1
       1
       1
       0
       0
       1
       1
       0
       0
       0
       0
       3
       0
       0
       0
       0
       1
       1
       2
       1
       2
       0
       1
       0
       2
       0
       1
       2
       0
       1
       0
       0
       0
       0
       0
       0
       0
       0
       0
       0
       0
       1
       0
       0
       0
       0
       0
       0
       0
       0
       0
       0
       0
       0
       0
       0
       0
       0
       0
       0
       1
       0
       1
       0
       0
       0
       0
       0
       1
       0
       0
       0
       0
       2
       1
       2
       0
       0
       1
       1
       1
       0
       0
       0
       0
       0
       0
       0
       0
       0
       0
       0
       0
       0
       0
       0
       0
       0
       0
       0
       0
       0
       0
       0
       0
       1
       0
       0
       0
       0
       0
       0
       1
       0
       1
       0
       0
       0
       0
       0
       0
       0
       0
       0
       0
       0
       0
       0
       1
       0
       0
       0
       0
       0
       0
       0
       0
       0
       0
       0
       0
       0
       0
       0
       1
       0
       0
       0
       0
       0
       0
       0
       0
       0
       0
       0
       0
       0
       0
       0
       0
       0
       0
       0
       0
       0
       0
       0
       0
       0
       0
       0
       0
       1
       0
       0
       0
       0
       0
       0
       0
       0
       0
       0
       0
       0
       0
       0
       0
       0
       0
       2
       0
       0
       1
       1
       1
       2
       0
       1
       1
       1
$ROI:
1
93 118
$PRESETS:
Real Time
300
0
$ENER_FIT:
-2.326062 0.088583
$MCA_CAL:
3
-2.326062E+000 8.858320E-002 -1.636990E-004 micr
$SHAPE_CAL:
3
0.000000E+000 0.000000E+000 0.000000E+000
