$SPEC_ID:
No sample description was entered.
$SPEC_REM:
DET# 1
DETDESC# MYON MCB 337
AP# Maestro Version 6.06
$DATE_MEA:
12/07/2020 11:08:55
$MEAS_TIM:
0 300
$DATA:
0 511
       0
       0
      19
     320
   47612
  608745
  476498
   60173
    1728
     319
     278
     280
     271
     292
     255
     279
     244
     252
     269
     247
     260
     269
     261
     270
     283
     320
     303
     330
     325
     327
     308
     324
     344
     348
     321
     331
     337
     331
     309
     311
     265
     291
     270
     268
     272
     263
     264
     252
     236
     237
     257
     243
     244
     223
     234
     246
     258
     241
     220
     201
     243
     209
     247
     230
     228
     245
     249
     223
     244
     223
     231
     243
     248
     232
     198
     170
     181
     145
     144
     113
     114
     104
     103
      93
      87
     106
      80
      91
      84
      94
      94
     116
     109
     107
     119
     128
     176
     213
     326
     465
     731
     907
    1194
    1397
    1471
    1502
    1359
    1106
     797
     495
     342
     190
      88
      49
      35
       9
       7
       8
       9
       8
      12
      11
       5
       9
       8
       6
       5
       8
       3
       5
       7
      10
       3
       9
      10
      13
       4
       4
       6
      11
       5
       8
      11
      10
      11
       7
       6
       6
       4
       6
       6
       4
       5
       5
       5
       7
       1
       4
       8
       3
       7
       8
       6
       6
       6
       4
       3
       7
       7
       3
       6
       9
       4
       6
       5
       4
       4
       2
       5
       1
       7
       2
       8
       2
       7
       4
       4
       2
       2
       5
       2
       4
       1
       1
       4
       2
       3
       1
       2
       2
       0
       2
       2
       3
       5
       2
       2
       3
       4
       3
       0
       2
       5
       7
      11
       3
       7
       5
       6
       5
       7
       4
       5
       4
       4
       3
       2
       2
       2
       2
       2
       0
       1
       2
       2
       2
       4
       2
       0
       4
       0
       1
       1
       1
       0
       1
       2
       1
       0
       1
       1
       1
       0
       2
       2
       0
       1
       0
       0
       0
       1
       1
       2
       3
       2
       1
       2
       0
       0
       0
       0
       1
       0
       1
       0
       2
       1
       1
       2
       1
       0
       0
       1
       0
       1
       1
       2
       0
       0
       0
       0
       0
       0
       0
       3
       0
       0
       0
       0
       0
       0
       0
       0
       1
       0
       0
       0
       0
       0
       2
       1
       0
       0
       1
       0
       0
       0
       1
       1
       1
       0
       0
       1
       0
       0
       0
       0
       2
       0
       0
       1
       1
       0
       1
       0
       0
       0
       0
       0
       1
       0
       0
       1
       1
       1
       0
       1
       0
       0
       0
       1
       1
       0
       2
       0
       0
       0
       2
       0
       1
       0
       0
       0
       0
       0
       0
       0
       0
       0
       0
       0
       0
       0
       0
       0
       1
       1
       0
       0
       1
       1
       0
       0
       0
       1
       3
       1
       2
       1
       0
       0
       1
       0
       0
       0
       0
       0
       0
       0
       0
       0
       0
       0
       0
       0
       0
       0
       0
       0
       0
       0
       0
       0
       1
       0
       0
       1
       0
       0
       0
       0
       0
       0
       0
       0
       0
       0
       0
       0
       0
       0
       0
       0
       0
       0
       0
       0
       0
       0
       0
       0
       0
       0
       1
       0
       0
       0
       0
       0
       0
       0
       0
       0
       0
       0
       0
       0
       0
       0
       0
       0
       0
       0
       0
       0
       0
       0
       0
       0
       0
       0
       0
       0
       0
       0
       0
       0
       0
       0
       0
       0
       0
       0
       0
       0
       0
       0
       0
       0
       0
       0
       0
       0
       0
       0
       0
       0
       0
       0
       0
       1
       2
       1
       0
       1
       0
       1
       0
       0
       1
       1
       0
$ROI:
1
93 118
$PRESETS:
Real Time
300
0
$ENER_FIT:
-2.326062 0.088583
$MCA_CAL:
3
-2.326062E+000 8.858320E-002 -1.636990E-004 micr
$SHAPE_CAL:
3
0.000000E+000 0.000000E+000 0.000000E+000
