$SPEC_ID:
No sample description was entered.
$SPEC_REM:
DET# 1
DETDESC# MYON MCB 337
AP# Maestro Version 6.06
$DATE_MEA:
12/07/2020 11:33:00
$MEAS_TIM:
0 300
$DATA:
0 511
       0
       0
      23
     345
   34513
  454240
  340157
   38327
    1251
     556
     483
     455
     496
     466
     457
     461
     483
     456
     447
     445
     454
     469
     441
     503
     499
     469
     470
     516
     483
     516
     555
     521
     570
     577
     565
     559
     543
     549
     519
     496
     505
     499
     456
     458
     494
     454
     443
     477
     441
     456
     453
     443
     449
     421
     395
     472
     420
     404
     399
     452
     414
     397
     431
     413
     466
     447
     476
     466
     445
     442
     404
     357
     388
     345
     302
     244
     248
     218
     206
     210
     196
     199
     185
     184
     162
     169
     168
     165
     203
     183
     215
     249
     357
     401
     513
     752
    1048
    1449
    1826
    2242
    2527
    2737
    2726
    2244
    1990
    1498
    1072
     731
     422
     232
     120
      60
      25
      18
      11
      11
      10
      10
      11
       6
       9
      12
       8
       8
       7
       4
       3
      11
      10
       2
       6
       6
       6
       4
       4
       7
       7
      13
       2
       9
       9
       4
       8
       5
       7
       5
      10
       4
       4
       4
       2
       3
       4
       8
       6
       6
       7
       6
       3
       8
       3
       4
       6
       3
       5
       4
       9
       6
       3
       3
       8
       3
       5
       8
       7
       5
       3
       6
       2
       6
       7
       3
       3
       4
       3
       2
       1
       5
       1
       1
       1
       2
       2
       4
       4
       2
       1
       1
       3
       2
       2
       3
       3
       7
       2
       3
       2
       7
       3
       5
       5
       5
       4
       6
       7
       7
       3
       7
       0
       2
       2
       2
       5
       1
       0
       1
       1
       1
       2
       0
       1
       0
       0
       3
       0
       0
       2
       1
       2
       1
       2
       1
       2
       1
       1
       0
       0
       2
       1
       0
       0
       1
       1
       1
       0
       0
       1
       2
       3
       2
       1
       0
       0
       0
       0
       0
       0
       1
       0
       0
       0
       0
       1
       0
       0
       0
       1
       0
       0
       0
       1
       0
       0
       0
       1
       1
       1
       0
       0
       1
       1
       0
       0
       2
       2
       0
       2
       0
       0
       0
       0
       0
       0
       0
       0
       0
       1
       4
       0
       0
       2
       1
       0
       2
       2
       0
       1
       2
       0
       2
       0
       0
       1
       0
       0
       0
       1
       1
       0
       0
       1
       0
       0
       0
       0
       0
       0
       0
       0
       1
       0
       0
       0
       2
       1
       0
       0
       1
       0
       0
       0
       0
       0
       0
       1
       1
       1
       0
       0
       0
       0
       0
       0
       1
       0
       0
       2
       1
       0
       1
       1
       1
       0
       1
       1
       1
       0
       0
       1
       0
       0
       0
       0
       0
       0
       1
       0
       0
       0
       0
       0
       0
       0
       0
       0
       0
       0
       0
       0
       0
       0
       0
       0
       0
       0
       0
       0
       0
       0
       0
       0
       0
       0
       0
       1
       0
       0
       0
       0
       0
       0
       0
       0
       0
       0
       0
       0
       0
       0
       0
       0
       0
       0
       0
       0
       0
       0
       0
       0
       0
       0
       0
       0
       0
       0
       0
       0
       0
       0
       0
       0
       0
       1
       0
       0
       0
       1
       0
       0
       0
       0
       0
       0
       0
       0
       0
       0
       0
       0
       0
       0
       0
       0
       0
       0
       0
       0
       0
       0
       0
       0
       0
       0
       0
       0
       0
       0
       0
       0
       0
       0
       0
       0
       0
       0
       0
       0
       0
       0
       0
       1
       2
       0
       2
       3
       0
       1
       0
       1
       1
       2
       2
$ROI:
1
93 118
$PRESETS:
Real Time
300
0
$ENER_FIT:
-2.326062 0.088583
$MCA_CAL:
3
-2.326062E+000 8.858320E-002 -1.636990E-004 micr
$SHAPE_CAL:
3
0.000000E+000 0.000000E+000 0.000000E+000
