$SPEC_ID:
No sample description was entered.
$SPEC_REM:
DET# 1
DETDESC# MYON MCB 337
AP# Maestro Version 6.06
$DATE_MEA:
12/07/2020 11:15:04
$MEAS_TIM:
0 300
$DATA:
0 511
       0
       0
       8
     257
   45302
  592243
  465182
   58330
    1577
     229
     241
     236
     202
     189
     207
     214
     196
     228
     224
     213
     210
     230
     237
     237
     261
     304
     250
     271
     282
     259
     264
     277
     301
     321
     283
     263
     259
     265
     278
     224
     224
     240
     254
     245
     219
     213
     236
     192
     187
     210
     224
     181
     188
     212
     184
     182
     186
     202
     188
     175
     183
     180
     208
     187
     190
     190
     141
     197
     175
     202
     158
     175
     155
     155
     143
     118
     106
     117
      87
     100
      80
      81
      76
      79
      85
      84
      70
      76
      78
      74
      98
      87
      91
      91
      89
      90
     130
     182
     306
     426
     551
     729
     965
    1052
    1161
    1056
     963
     782
     531
     345
     207
     140
      61
      32
      20
       6
       6
       9
       8
       9
       8
      14
       6
       6
      15
       5
       4
       8
       8
       3
       4
       5
       5
       5
       4
      11
       2
       6
       7
       5
       8
       5
      11
       6
      11
       7
       7
       5
       6
       2
       7
       3
      10
       8
       4
       6
       4
       5
       6
       2
       2
       1
       7
       4
       3
       6
       4
      10
       1
       1
       7
       3
       6
       3
       4
       3
       1
       4
       2
       4
       6
       4
       5
       3
       2
       2
       4
       2
       2
       3
       0
       1
       2
       0
       1
       2
       2
       0
       1
       2
       3
       1
       2
       2
       2
       5
       3
       3
       3
       3
       2
       6
       3
       2
       6
       4
       3
       6
       6
       7
       3
       3
       3
       5
       3
       3
       4
       2
       4
       2
       2
       1
       3
       1
       0
       4
       2
       0
       2
       2
       1
       1
       0
       2
       1
       0
       0
       2
       2
       0
       0
       1
       1
       2
       1
       3
       0
       1
       0
       1
       0
       1
       0
       1
       2
       5
       1
       2
       0
       2
       1
       0
       0
       1
       0
       1
       0
       0
       1
       0
       0
       0
       0
       1
       0
       0
       1
       1
       1
       1
       0
       2
       0
       0
       0
       1
       0
       1
       0
       0
       2
       1
       0
       0
       0
       1
       2
       1
       0
       0
       0
       0
       1
       1
       0
       0
       0
       1
       1
       0
       1
       0
       0
       1
       1
       0
       0
       3
       0
       0
       2
       0
       0
       1
       1
       0
       0
       1
       1
       1
       2
       3
       0
       0
       0
       1
       0
       2
       0
       1
       0
       1
       0
       0
       0
       0
       0
       0
       0
       0
       0
       1
       0
       0
       0
       0
       0
       1
       0
       1
       0
       0
       0
       1
       0
       0
       2
       0
       1
       1
       0
       1
       2
       0
       0
       0
       1
       1
       1
       0
       1
       0
       0
       1
       1
       0
       0
       0
       0
       0
       0
       0
       0
       0
       0
       0
       0
       0
       0
       0
       0
       0
       0
       0
       0
       0
       0
       0
       0
       0
       0
       0
       0
       0
       0
       0
       0
       0
       0
       1
       0
       0
       0
       0
       0
       0
       0
       0
       0
       0
       0
       0
       0
       0
       0
       0
       0
       0
       0
       0
       0
       0
       0
       0
       0
       0
       0
       0
       0
       0
       0
       0
       0
       0
       0
       0
       0
       0
       0
       0
       0
       0
       0
       0
       0
       0
       0
       0
       0
       0
       0
       0
       0
       0
       0
       0
       0
       0
       0
       0
       0
       0
       0
       0
       0
       0
       0
       0
       0
       0
       0
       1
       2
       0
       2
       0
       0
       1
       2
       1
       3
       1
$ROI:
1
93 118
$PRESETS:
Real Time
300
0
$ENER_FIT:
-2.326062 0.088583
$MCA_CAL:
3
-2.326062E+000 8.858320E-002 -1.636990E-004 micr
$SHAPE_CAL:
3
0.000000E+000 0.000000E+000 0.000000E+000
