$SPEC_ID:
No sample description was entered.
$SPEC_REM:
DET# 1
DETDESC# MYON MCB 337
AP# Maestro Version 6.06
$DATE_MEA:
12/07/2020 11:39:04
$MEAS_TIM:
0 300
$DATA:
0 511
       0
       0
      18
     389
   36377
  479004
  363761
   42334
    1454
     592
     526
     455
     484
     483
     438
     418
     447
     454
     465
     470
     403
     409
     486
     494
     499
     475
     515
     508
     491
     541
     567
     504
     523
     532
     534
     566
     517
     510
     518
     463
     516
     505
     475
     527
     457
     458
     481
     445
     412
     391
     462
     414
     454
     438
     426
     437
     420
     437
     384
     414
     436
     412
     423
     433
     431
     391
     409
     427
     429
     408
     402
     363
     390
     370
     322
     293
     248
     233
     213
     183
     175
     167
     154
     166
     190
     182
     202
     222
     228
     231
     247
     252
     277
     335
     372
     534
     704
    1035
    1294
    1760
    2174
    2381
    2658
    2593
    2273
    1847
    1388
     942
     629
     328
     168
      80
      46
      30
      10
      13
      10
       5
      11
      12
       9
       9
       3
       8
       6
      11
       8
       8
      12
       5
       8
       8
       9
       9
       4
       7
       7
       6
      11
       7
       6
       6
       4
       6
       5
      10
       8
       3
       3
       5
       9
       2
       6
       9
       4
       6
       7
       4
       5
       4
       5
       8
       7
       6
       8
       5
       4
       4
       7
       4
       5
       5
       5
       2
       8
       3
       4
       5
       2
       2
       4
       6
       3
       2
       3
       2
       3
       4
       5
       2
       3
       0
       2
       4
       3
       3
       2
       5
       0
       4
       2
       4
       2
       3
       1
       3
       4
       1
       8
       6
       5
       5
       5
       1
       5
       5
       4
       4
       2
       2
       0
       3
       4
       3
       0
       1
       2
       2
       2
       1
       1
       1
       0
       1
       0
       2
       0
       0
       2
       0
       1
       0
       1
       3
       0
       0
       1
       2
       1
       1
       1
       0
       0
       0
       0
       1
       1
       1
       0
       2
       0
       3
       1
       1
       1
       0
       0
       1
       2
       3
       1
       2
       0
       0
       0
       0
       1
       0
       2
       0
       0
       0
       1
       1
       0
       1
       4
       0
       0
       1
       0
       0
       1
       2
       0
       3
       1
       0
       2
       0
       1
       0
       0
       1
       0
       1
       0
       0
       0
       3
       1
       1
       0
       2
       0
       4
       0
       0
       1
       0
       1
       1
       0
       0
       2
       0
       0
       0
       0
       0
       1
       1
       0
       0
       2
       1
       1
       0
       1
       0
       0
       0
       2
       0
       0
       0
       0
       0
       0
       0
       0
       0
       0
       0
       0
       1
       0
       0
       2
       0
       0
       0
       1
       0
       0
       0
       0
       0
       0
       2
       0
       1
       0
       2
       0
       1
       1
       0
       0
       0
       0
       0
       1
       1
       2
       0
       0
       0
       0
       0
       0
       0
       0
       0
       0
       0
       1
       0
       0
       0
       0
       0
       0
       0
       0
       0
       0
       0
       0
       1
       0
       0
       0
       0
       0
       0
       0
       0
       0
       1
       0
       0
       1
       0
       0
       0
       0
       0
       0
       0
       1
       0
       0
       0
       0
       0
       0
       0
       0
       0
       0
       0
       0
       0
       0
       0
       0
       0
       0
       0
       0
       0
       0
       0
       0
       0
       0
       0
       0
       0
       0
       0
       0
       0
       0
       0
       0
       0
       0
       0
       0
       0
       0
       0
       0
       0
       0
       0
       1
       0
       0
       0
       0
       0
       0
       0
       0
       0
       0
       0
       0
       0
       0
       0
       0
       0
       0
       0
       0
       0
       1
       1
       0
       1
       1
       0
       0
       0
       1
       1
       0
       1
$ROI:
1
93 118
$PRESETS:
Real Time
300
0
$ENER_FIT:
-2.326062 0.088583
$MCA_CAL:
3
-2.326062E+000 8.858320E-002 -1.636990E-004 micr
$SHAPE_CAL:
3
0.000000E+000 0.000000E+000 0.000000E+000
