$SPEC_ID:
No sample description was entered.
$SPEC_REM:
DET# 1
DETDESC# MYON MCB 337
AP# Maestro Version 6.06
$DATE_MEA:
12/07/2020 10:55:32
$MEAS_TIM:
0 300
$DATA:
0 511
       0
       0
      17
     337
   39050
  490250
  360030
   40724
    1260
     470
     441
     410
     389
     410
     398
     385
     361
     362
     394
     374
     400
     393
     404
     439
     403
     399
     480
     397
     441
     424
     448
     463
     477
     482
     437
     511
     454
     474
     431
     450
     435
     414
     444
     384
     440
     397
     391
     391
     376
     362
     358
     388
     354
     334
     391
     377
     341
     358
     359
     349
     323
     344
     350
     324
     349
     364
     312
     370
     367
     361
     336
     293
     303
     291
     270
     224
     206
     205
     170
     165
     139
     143
     134
     139
     132
     141
     142
     156
     148
     157
     160
     218
     227
     338
     446
     608
     793
    1125
    1345
    1603
    1803
    1923
    2040
    1846
    1650
    1343
     958
     621
     431
     230
     139
      63
      25
      14
      10
       9
      10
       6
      10
      13
       3
       6
       9
      14
      10
       6
       9
       7
       5
       8
       5
      12
       9
       9
       4
       9
       6
       9
       6
       8
      10
      14
       9
       3
       7
       6
       3
       6
       2
       3
       7
       5
       2
       6
       4
       2
       7
       6
       6
       5
       5
       8
       8
       2
       3
       2
       3
       4
       7
       5
       5
       5
       2
       1
       8
       1
       6
       4
       4
       1
       3
       4
       3
       0
       1
       2
       1
       7
       0
       2
       2
       2
       3
       2
       2
       1
       3
       1
       3
       2
       6
       5
       3
       7
       1
       4
       3
       5
       4
       6
       4
       6
       4
       4
       5
       7
       3
       5
       4
       3
       3
       0
       4
       0
       1
       1
       1
       1
       1
       0
       0
       2
       2
       0
       1
       2
       2
       1
       1
       1
       1
       0
       1
       2
       0
       1
       1
       2
       0
       2
       3
       2
       1
       1
       1
       0
       1
       4
       0
       0
       2
       0
       2
       0
       0
       0
       2
       1
       0
       2
       1
       3
       0
       1
       0
       1
       1
       0
       2
       1
       0
       1
       1
       0
       1
       0
       0
       1
       0
       1
       1
       1
       0
       1
       0
       0
       0
       0
       2
       0
       1
       1
       1
       0
       1
       0
       2
       0
       0
       2
       0
       0
       0
       0
       1
       0
       0
       0
       1
       1
       0
       1
       0
       0
       0
       0
       0
       1
       0
       1
       0
       0
       0
       1
       0
       0
       0
       0
       0
       1
       1
       0
       0
       0
       0
       0
       0
       1
       0
       0
       0
       1
       0
       0
       0
       3
       0
       0
       0
       0
       1
       0
       1
       0
       0
       0
       0
       0
       0
       0
       0
       3
       1
       0
       0
       0
       0
       0
       1
       0
       2
       0
       0
       1
       1
       0
       0
       1
       1
       0
       0
       1
       0
       0
       0
       0
       0
       0
       0
       0
       0
       0
       0
       0
       0
       0
       0
       0
       0
       0
       0
       1
       0
       0
       0
       0
       0
       0
       0
       0
       0
       0
       0
       0
       0
       0
       0
       0
       0
       0
       0
       0
       0
       0
       0
       0
       0
       0
       0
       0
       0
       0
       0
       0
       0
       0
       0
       0
       0
       0
       0
       0
       0
       0
       0
       0
       0
       0
       0
       0
       0
       0
       0
       0
       0
       0
       0
       0
       0
       0
       0
       0
       0
       0
       0
       0
       0
       0
       0
       0
       0
       0
       0
       0
       0
       0
       0
       0
       0
       0
       0
       0
       0
       0
       0
       0
       0
       0
       0
       0
       0
       3
       0
       2
       1
       0
       2
       1
       1
       1
       1
       1
$ROI:
1
93 118
$PRESETS:
Real Time
300
0
$ENER_FIT:
-2.326062 0.088583
$MCA_CAL:
3
-2.326062E+000 8.858320E-002 -1.636990E-004 micr
$SHAPE_CAL:
3
0.000000E+000 0.000000E+000 0.000000E+000
