$SPEC_ID:
No sample description was entered.
$SPEC_REM:
DET# 1
DETDESC# MYON MCB 337
AP# Maestro Version 6.06
$DATE_MEA:
12/07/2020 11:27:12
$MEAS_TIM:
0 300
$DATA:
0 511
       0
       0
      10
     210
   37692
  505140
  388944
   45535
    1139
     240
     215
     194
     208
     204
     204
     204
     210
     210
     193
     211
     221
     209
     245
     276
     241
     276
     272
     295
     296
     309
     272
     316
     308
     266
     288
     277
     275
     257
     259
     263
     278
     220
     195
     225
     232
     205
     230
     176
     206
     191
     213
     215
     204
     202
     212
     194
     197
     189
     221
     168
     205
     197
     232
     189
     184
     181
     179
     176
     167
     166
     191
     171
     187
     175
     147
     126
     119
      95
     121
      85
      91
      80
      91
      78
      84
      85
      71
      75
      85
      74
      75
     101
      95
     116
     154
     177
     249
     365
     509
     698
     818
     971
    1142
    1012
     902
     809
     581
     408
     256
     144
      78
      40
      25
      18
      12
      10
       9
       8
       5
       7
      10
       8
       9
       8
       8
       6
       6
       3
       7
       6
       6
       5
       6
      11
       5
       4
       8
       4
       7
       2
       8
       8
       9
      13
      12
       8
       4
       9
       6
       4
       7
       4
       5
       4
       4
       5
       5
       9
       5
       7
       4
       1
       7
       5
       4
       7
       8
       7
       1
       7
       9
       3
       7
       6
       7
       6
       4
       5
       3
       1
       2
       4
       2
       2
       4
       1
       3
       2
       1
       2
       0
       1
       3
       3
       3
       2
       1
       3
       2
       9
       6
       2
       5
       4
       2
       5
       4
       3
       4
       4
       2
       5
       4
       4
       8
       8
       2
       6
       3
       3
       1
       3
       4
       4
       1
       1
       2
       1
       1
       0
       4
       1
       3
       1
       2
       3
       3
       2
       0
       1
       2
       2
       1
       1
       0
       0
       1
       1
       0
       0
       0
       4
       0
       1
       1
       2
       0
       2
       1
       2
       1
       0
       2
       0
       1
       1
       1
       0
       1
       1
       1
       2
       1
       1
       1
       0
       1
       0
       1
       1
       0
       0
       1
       0
       0
       0
       1
       1
       1
       0
       1
       0
       0
       0
       0
       1
       1
       0
       0
       0
       2
       0
       2
       0
       0
       0
       1
       0
       1
       1
       0
       1
       1
       2
       1
       0
       1
       0
       1
       1
       1
       0
       0
       1
       1
       0
       1
       1
       1
       2
       2
       0
       0
       1
       0
       0
       0
       1
       1
       0
       1
       0
       0
       0
       1
       0
       0
       0
       3
       1
       0
       0
       0
       1
       1
       0
       1
       0
       0
       0
       1
       0
       1
       0
       1
       0
       0
       0
       0
       1
       0
       0
       0
       2
       2
       0
       0
       0
       0
       1
       0
       0
       1
       0
       0
       0
       0
       1
       0
       0
       0
       1
       0
       0
       0
       1
       0
       0
       0
       2
       0
       0
       0
       0
       0
       0
       0
       0
       0
       0
       0
       0
       0
       0
       0
       0
       0
       0
       0
       0
       0
       1
       0
       1
       0
       0
       0
       0
       0
       0
       0
       0
       0
       0
       0
       0
       1
       0
       1
       0
       0
       0
       0
       0
       0
       0
       0
       0
       0
       0
       0
       0
       0
       0
       0
       0
       0
       0
       0
       0
       0
       0
       0
       0
       0
       0
       0
       0
       0
       0
       0
       0
       0
       0
       0
       0
       0
       0
       0
       0
       0
       0
       0
       0
       0
       0
       0
       0
       0
       0
       0
       0
       0
       0
       0
       0
       0
       0
       0
       0
       0
       0
       1
       0
       2
       0
       1
       1
       0
       1
       0
       0
$ROI:
1
93 118
$PRESETS:
Real Time
300
0
$ENER_FIT:
-2.326062 0.088583
$MCA_CAL:
3
-2.326062E+000 8.858320E-002 -1.636990E-004 micr
$SHAPE_CAL:
3
0.000000E+000 0.000000E+000 0.000000E+000
