$SPEC_ID:
No sample description was entered.
$SPEC_REM:
DET# 1
DETDESC# MYON MCB 337
AP# Maestro Version 6.06
$DATE_MEA:
12/07/2020 10:29:07
$MEAS_TIM:
0 300
$DATA:
0 511
       0
       0
      23
     361
   43750
  519680
  367411
   39549
    1243
     489
     452
     433
     405
     392
     413
     365
     355
     406
     383
     383
     405
     377
     432
     435
     432
     399
     404
     450
     443
     463
     474
     457
     458
     486
     484
     478
     463
     449
     440
     437
     442
     419
     426
     426
     416
     427
     402
     398
     423
     418
     382
     351
     391
     378
     361
     370
     383
     398
     392
     329
     366
     352
     380
     372
     387
     364
     408
     368
     383
     380
     360
     366
     334
     293
     278
     226
     194
     175
     166
     145
     161
     151
     151
     131
     134
     146
     139
     161
     136
     150
     171
     166
     214
     296
     388
     508
     777
    1039
    1411
    1789
    2012
    2321
    2407
    2297
    1906
    1501
    1090
     642
     402
     204
     102
      58
      29
      11
      14
       7
       8
       9
       6
       8
       8
      15
       4
      11
      10
       6
       9
       6
       2
       6
       6
       7
       6
       9
       8
       9
       6
       6
       8
       8
       3
       9
       6
       6
       6
       4
       5
       2
       5
       8
       5
       5
       7
       0
       8
       7
       3
       3
       2
       6
       3
       8
       7
       7
       6
       9
       4
       7
       7
       5
       6
       4
       8
       1
       3
       3
       3
       0
       5
       3
       3
       1
       5
       2
       6
       2
       2
       3
       2
       5
       2
       3
       1
       4
       2
       3
       1
       0
       3
       1
       0
       5
       1
       2
       2
       2
       3
       2
       6
       1
       5
       5
       7
       9
       7
       3
       4
       4
       2
       3
       6
       4
       2
       3
       1
       1
       3
       0
       0
       0
       1
       0
       3
       0
       5
       3
       0
       0
       3
       0
       0
       1
       1
       1
       0
       0
       0
       2
       1
       0
       0
       1
       2
       1
       1
       1
       0
       1
       2
       4
       1
       0
       2
       0
       0
       1
       1
       1
       0
       0
       0
       0
       3
       1
       1
       0
       2
       1
       0
       0
       1
       1
       0
       0
       1
       0
       0
       0
       2
       1
       1
       1
       0
       0
       0
       1
       0
       0
       2
       1
       1
       0
       1
       2
       0
       0
       2
       0
       0
       1
       1
       0
       1
       0
       0
       1
       2
       2
       1
       0
       0
       1
       0
       0
       0
       0
       1
       0
       0
       2
       1
       0
       0
       0
       0
       0
       0
       0
       0
       0
       0
       0
       1
       0
       0
       0
       1
       0
       1
       0
       0
       0
       0
       0
       0
       0
       0
       0
       1
       0
       0
       0
       1
       0
       0
       0
       0
       0
       0
       1
       0
       0
       0
       2
       2
       1
       1
       0
       0
       0
       0
       0
       0
       1
       0
       1
       0
       1
       0
       1
       0
       0
       0
       0
       0
       0
       0
       0
       0
       1
       0
       0
       0
       0
       0
       0
       1
       0
       0
       0
       0
       0
       0
       0
       0
       0
       0
       0
       1
       0
       0
       0
       0
       0
       0
       0
       0
       0
       0
       0
       0
       0
       0
       0
       0
       0
       0
       0
       0
       0
       1
       0
       0
       0
       0
       0
       0
       0
       0
       0
       0
       1
       0
       0
       0
       0
       0
       1
       1
       0
       1
       0
       0
       0
       0
       0
       0
       0
       0
       0
       0
       0
       0
       0
       0
       0
       0
       0
       0
       0
       0
       0
       0
       0
       0
       0
       0
       0
       0
       0
       0
       0
       0
       0
       1
       0
       1
       0
       0
       0
       2
       0
       0
       2
       0
       1
       1
       2
       0
       1
       1
       4
$ROI:
1
93 118
$PRESETS:
Real Time
300
0
$ENER_FIT:
-2.326062 0.088583
$MCA_CAL:
3
-2.326062E+000 8.858320E-002 -1.636990E-004 micr
$SHAPE_CAL:
3
0.000000E+000 0.000000E+000 0.000000E+000
