$SPEC_ID:
No sample description was entered.
$SPEC_REM:
DET# 1
DETDESC# MYON MCB 337
AP# Maestro Version 6.06
$DATE_MEA:
12/07/2020 10:47:34
$MEAS_TIM:
0 300
$DATA:
0 511
       0
       0
      13
     201
   37315
  469781
  343916
   38079
     980
     228
     237
     258
     236
     222
     225
     232
     208
     243
     211
     234
     231
     233
     257
     239
     272
     254
     280
     280
     295
     273
     309
     270
     270
     287
     301
     282
     256
     305
     248
     243
     236
     238
     238
     237
     239
     241
     231
     245
     228
     218
     197
     219
     190
     206
     193
     200
     209
     197
     188
     196
     216
     214
     219
     197
     214
     215
     185
     186
     215
     204
     166
     169
     181
     129
     137
     114
      98
     107
      91
      87
      74
      89
      85
      87
      81
      93
      88
      84
      88
     102
     117
     152
     152
     205
     247
     300
     429
     544
     636
     748
     886
     940
     953
     924
     753
     596
     430
     299
     209
      94
      61
      19
      12
       8
      15
      13
      13
       8
       9
       9
       3
      11
      10
       3
       5
      10
       8
       9
       6
       5
       6
       8
       9
       9
      10
      10
       8
       7
       8
       5
       8
       4
       4
       7
       8
       9
       4
       9
      10
      10
       7
       2
       8
       3
       8
       5
       1
       3
       4
       4
       6
       5
       2
       5
       3
       4
       1
       4
       5
       8
       3
       4
       3
       5
       4
       5
       5
       6
       2
       0
       5
       4
       2
       2
       8
       3
       3
       5
       4
       2
       2
       1
       5
       1
       3
       5
       3
       3
       3
       3
       0
       2
       5
       2
       2
       4
       2
       2
       4
       6
       4
       4
       6
       4
       6
       5
       5
       5
       3
       7
       2
       5
       4
       0
       3
       2
       3
       0
       0
       1
       0
       2
       2
       1
       2
       3
       1
       1
       0
       2
       2
       1
       0
       0
       0
       1
       0
       1
       1
       1
       0
       1
       0
       1
       0
       2
       1
       3
       2
       2
       0
       0
       2
       2
       2
       0
       2
       1
       0
       2
       2
       1
       0
       0
       2
       0
       0
       0
       0
       0
       1
       1
       0
       0
       0
       0
       1
       0
       1
       1
       0
       2
       0
       2
       2
       3
       0
       1
       1
       3
       1
       0
       1
       1
       0
       1
       0
       0
       1
       1
       1
       1
       0
       1
       1
       0
       1
       0
       0
       0
       0
       0
       0
       1
       0
       0
       1
       1
       0
       0
       0
       0
       0
       0
       1
       1
       0
       0
       0
       0
       0
       1
       0
       0
       0
       0
       1
       0
       0
       0
       0
       0
       0
       0
       0
       0
       1
       0
       0
       1
       0
       1
       0
       0
       0
       2
       0
       0
       0
       0
       0
       1
       1
       1
       0
       0
       0
       1
       0
       1
       1
       0
       1
       1
       0
       0
       1
       0
       0
       0
       0
       0
       0
       0
       0
       0
       1
       0
       0
       0
       1
       0
       0
       0
       0
       0
       0
       0
       0
       0
       1
       0
       0
       0
       2
       0
       0
       0
       0
       1
       0
       1
       0
       0
       0
       0
       0
       0
       2
       0
       0
       0
       0
       0
       0
       0
       0
       0
       0
       0
       0
       0
       0
       0
       0
       0
       0
       0
       0
       0
       0
       0
       0
       0
       0
       0
       0
       0
       0
       0
       0
       0
       0
       0
       0
       0
       0
       0
       0
       0
       0
       0
       0
       0
       0
       0
       0
       0
       0
       0
       0
       0
       0
       0
       0
       0
       0
       0
       0
       0
       0
       0
       0
       1
       0
       0
       0
       0
       0
       0
       0
       2
       0
       2
       1
       3
       3
       0
       2
       0
       0
       4
$ROI:
1
93 118
$PRESETS:
Real Time
300
0
$ENER_FIT:
-2.326062 0.088583
$MCA_CAL:
3
-2.326062E+000 8.858320E-002 -1.636990E-004 micr
$SHAPE_CAL:
3
0.000000E+000 0.000000E+000 0.000000E+000
