$SPEC_ID:
No sample description was entered.
$SPEC_REM:
DET# 1
DETDESC# MYON MCB 337
AP# Maestro Version 6.06
$DATE_MEA:
12/07/2020 11:01:26
$MEAS_TIM:
0 300
$DATA:
0 511
       1
       0
      12
     290
   33069
  420547
  304587
   32752
    1115
     528
     541
     512
     494
     480
     430
     429
     480
     422
     463
     411
     452
     464
     479
     477
     591
     495
     591
     553
     509
     549
     533
     558
     606
     542
     581
     573
     553
     514
     530
     527
     530
     519
     516
     469
     479
     469
     459
     443
     451
     492
     441
     447
     393
     448
     449
     451
     413
     433
     415
     399
     436
     460
     457
     413
     393
     408
     452
     458
     439
     423
     419
     389
     370
     330
     291
     264
     277
     262
     271
     297
     319
     325
     314
     309
     291
     273
     257
     255
     246
     308
     283
     313
     388
     432
     587
     781
    1046
    1445
    1807
    2155
    2519
    2664
    2490
    2097
    1671
    1202
     771
     425
     267
     104
      56
      30
      13
      10
      12
       5
       7
      12
       8
       7
       5
       7
       8
       7
       8
      10
      11
       8
       2
       9
       6
       7
       8
      12
      10
       4
       8
       8
       7
       3
       7
       8
       2
      10
       3
       4
       8
       6
       4
       6
       3
       4
       3
       5
       7
       7
       4
       2
       2
       6
       3
       6
       5
       8
       3
       5
       6
       9
       3
       8
       8
       6
       3
       3
       2
       8
       5
       2
       1
       7
       4
       4
       2
       7
       2
       2
       1
       1
       2
       7
       3
       2
       3
       7
       2
       3
       2
       3
       1
       3
       0
       1
       1
       5
       3
       2
       2
       1
       2
       6
       9
       5
       2
       4
       6
       6
      12
       4
       1
       5
       3
       0
       1
       1
       1
       6
       1
       1
       1
       2
       1
       2
       0
       1
       2
       0
       1
       0
       0
       1
       2
       1
       3
       1
       0
       2
       1
       1
       1
       1
       2
       2
       3
       0
       1
       1
       1
       1
       2
       1
       1
       2
       0
       0
       0
       1
       0
       0
       0
       0
       0
       2
       1
       1
       3
       0
       0
       1
       2
       1
       0
       1
       0
       1
       2
       2
       1
       1
       1
       1
       1
       0
       0
       0
       0
       0
       0
       1
       0
       1
       0
       0
       0
       1
       1
       0
       2
       0
       0
       1
       1
       1
       0
       1
       2
       0
       0
       1
       0
       0
       1
       0
       0
       0
       1
       1
       1
       1
       0
       0
       1
       0
       0
       0
       0
       0
       0
       0
       1
       0
       0
       1
       0
       2
       0
       1
       0
       1
       0
       0
       0
       2
       0
       0
       1
       0
       0
       0
       0
       0
       0
       0
       1
       0
       0
       0
       4
       0
       0
       0
       1
       1
       0
       0
       2
       0
       0
       0
       0
       0
       0
       1
       0
       0
       0
       0
       0
       1
       0
       0
       1
       0
       0
       0
       0
       0
       0
       1
       0
       0
       0
       0
       0
       0
       0
       0
       0
       0
       0
       0
       0
       0
       0
       0
       0
       0
       0
       0
       0
       0
       0
       0
       0
       0
       0
       0
       0
       1
       0
       0
       0
       0
       0
       0
       0
       0
       0
       0
       0
       0
       0
       0
       0
       0
       0
       0
       0
       0
       0
       0
       0
       0
       0
       0
       0
       0
       0
       0
       0
       0
       0
       0
       0
       0
       0
       0
       0
       0
       0
       0
       0
       0
       0
       0
       0
       0
       0
       0
       0
       0
       0
       0
       0
       0
       0
       0
       0
       0
       0
       0
       0
       0
       0
       0
       0
       0
       1
       0
       0
       0
       1
       0
       1
       0
       1
       2
       1
       0
       0
       1
       2
       0
$ROI:
1
93 118
$PRESETS:
Real Time
300
0
$ENER_FIT:
-2.326062 0.088583
$MCA_CAL:
3
-2.326062E+000 8.858320E-002 -1.636990E-004 micr
$SHAPE_CAL:
3
0.000000E+000 0.000000E+000 0.000000E+000
