-4.999999999999335851e+05 4.400083721160613637e-02 3.014967152152559504e-01
-4.978070175437935395e+05 -2.327040372330391182e-02 2.892329040584941391e-02
-4.956140350876534940e+05 5.241108455883314310e-01 2.649486659196168548e-01
-4.934210526315133902e+05 -9.001713374587530514e-02 -1.229985926368148130e-01
-4.912280701753733447e+05 1.597695224701792260e-01 1.727857467091604704e-01
-4.890350877192332991e+05 9.582985294109944152e-02 -4.259058379334024202e-02
-4.868421052630932536e+05 4.304777061165839802e-01 -9.764574137168707813e-02
-4.846491228069532081e+05 6.815168482295161367e-02 1.270103676884581922e-01
-4.824561403508131043e+05 1.596251305008883625e-01 8.969906310361303037e-02
-4.802631578946730588e+05 2.727520166316912964e-02 -9.997841112279348685e-02
-4.780701754385330132e+05 -2.480267643242231035e-01 1.215586720820436284e-01
-4.758771929823929677e+05 1.689939391315200545e-01 -1.184538772190700251e-01
-4.736842105262528639e+05 4.443173502154424415e-01 9.300239569042219323e-02
-4.714912280701128184e+05 3.775504443455982573e-01 -1.099066464416163513e-01
-4.692982456139727728e+05 -1.206340816458128795e-01 2.757114655909834178e-02
-4.671052631578327273e+05 -8.012449952457942337e-02 5.638240256485077539e-02
-4.649122807016926236e+05 1.340046658260365398e-01 1.128210991136151808e-01
-4.627192982455525780e+05 -1.056127479988546169e-01 1.803821885815259929e-02
-4.605263157894125325e+05 -1.552684081360442697e-02 1.787331555034655795e-01
-4.583333333332724869e+05 -2.103851449655982919e-02 2.071513109192201219e-01
-4.561403508771323832e+05 4.890081363214351939e-02 5.133388551512886588e-02
-4.539473684209923376e+05 2.721485655897266653e-01 -1.853838451866185455e-01
-4.517543859648522921e+05 2.254705633173519630e-01 2.782194500869297205e-01
-4.495614035087122465e+05 2.374171372550136772e-01 2.565026688015199507e-01
-4.473684210525721428e+05 -1.364753019568077652e-01 4.371199872074371107e-01
-4.451754385964320973e+05 -1.811175965976733748e-01 5.245373769613186077e-02
-4.429824561402920517e+05 -2.484432053576704491e-02 4.918167497269823607e-02
-4.407894736841520062e+05 7.938380515331019960e-02 -4.959688976985218711e-02
-4.385964912280119024e+05 -4.018918708251323912e-01 1.420840102443493014e-01
-4.364035087718718569e+05 8.761292371709861193e-03 4.218159411411286364e-01
-4.342105263157318113e+05 -1.237869970467516401e-01 1.847316582631236548e-02
-4.320175438595917658e+05 -2.409238653517370710e-01 -2.288471861976100197e-01
-4.298245614034516620e+05 6.000238086465742304e-03 1.740589611774194245e-01
-4.276315789473116165e+05 -4.091144364636828401e-01 3.720741396593882921e-01
-4.254385964911715710e+05 -7.379773232474362565e-02 4.737716059151839687e-01
-4.232456140350315254e+05 -2.384189593881957947e-02 1.011999309372147438e-01
-4.210526315788914217e+05 -3.294428127440472420e-01 4.055428730855205055e-01
-4.188596491227513761e+05 2.445520508951080640e-01 5.078893617947961570e-01
-4.166666666666113306e+05 -2.546873394076188957e-01 5.523055502580295761e-02
-4.144736842104712850e+05 1.998217814278905047e-01 6.993780548663582064e-02
-4.122807017543312395e+05 3.052355623336615587e-01 5.142609890159746677e-02
-4.100877192981911357e+05 3.618943941017244148e-01 3.119422162713095248e-01
-4.078947368420510902e+05 2.393011839272795593e-01 9.031261068879682663e-02
-4.057017543859110447e+05 -2.465167204598394113e-01 1.821335938604502491e-01
-4.035087719297709991e+05 2.326876849400464076e-01 5.338828330751738127e-01
-4.013157894736308954e+05 1.145370119583289936e-01 1.127242739616993172e-02
-3.991228070174908498e+05 2.215641728353824891e-01 -1.333845789569919893e-01
-3.969298245613508043e+05 6.540242459792371121e-02 3.502371472133605224e-01
-3.947368421052107587e+05 6.105327974339319619e-02 1.437505997987151840e-01
-3.925438596490706550e+05 -9.285845865408870470e-03 3.383534643660034424e-01
-3.903508771929306095e+05 7.272823500089559134e-02 4.043234872491550946e-02
-3.881578947367905639e+05 1.889880802860036679e-01 2.052745737449515606e-01
-3.859649122806505184e+05 -4.409070959332653250e-02 5.790036710828688760e-01
-3.837719298245104146e+05 2.261424918944487383e-01 4.517629694455350120e-01
-3.815789473683703691e+05 -2.847044497503282978e-02 3.169345359084240199e-01
-3.793859649122303235e+05 -1.682704629186607126e-02 2.192368234954970019e-01
-3.771929824560902780e+05 -1.126669661414254620e-01 2.307194840032630867e-01
-3.749999999999501742e+05 -4.840969853210141949e-03 4.599025772193564565e-01
-3.728070175438101287e+05 4.062308505737742825e-01 2.360307197215087971e-01
-3.706140350876700832e+05 1.090541729068668086e-01 2.685076209371505818e-01
-3.684210526315300376e+05 -1.864417812463009527e-01 3.415516708929982603e-01
-3.662280701753899339e+05 -3.358107851456176296e-01 2.979840115105441001e-01
-3.640350877192498883e+05 1.752769553050481377e-01 -5.123760299661487411e-02
-3.618421052631098428e+05 2.475096760014281611e-02 -3.468867566061351049e-02
-3.596491228069697972e+05 -1.812712265526011113e-01 5.184368059115863625e-01
-3.574561403508296935e+05 2.783096930824567605e-02 1.253822666504201822e-01
-3.552631578946896479e+05 2.795370802665789189e-01 3.241075659630654471e-01
-3.530701754385496024e+05 1.847752445703828850e-01 1.270733384061740745e-01
-3.508771929824095569e+05 2.197204700759933238e-02 1.043714292192688131e-01
-3.486842105262695113e+05 3.395394530781699061e-01 2.375771045470824183e-01
-3.464912280701294076e+05 1.665316108958087293e-01 3.229415781854272915e-01
-3.442982456139893620e+05 -2.135494288399558127e-01 2.817896134064566960e-01
-3.421052631578493165e+05 -2.038651589858473945e-01 2.863093499948650145e-01
-3.399122807017092709e+05 -4.045896228485043600e-02 3.203051112382234722e-01
-3.377192982455691672e+05 -6.796003408272099922e-02 6.368802670244828601e-01
-3.355263157894291217e+05 -7.989350152798446736e-03 4.247990140462314379e-01
-3.333333333332890761e+05 -4.872240634483465671e-02 2.027109900884877525e-01
-3.311403508771490306e+05 1.919318613239338889e-01 5.997909447202943722e-01
-3.289473684210089268e+05 -1.904971287514758971e-01 2.415679451503627839e-01
-3.267543859648688813e+05 1.144223708075589041e-01 5.173922558417058948e-01
-3.245614035087288357e+05 -1.829018442149019930e-01 3.216314096993750371e-01
-3.223684210525887902e+05 4.009280800904204550e-03 4.707630581766338862e-01
-3.201754385964486864e+05 -6.237635597742108295e-02 6.487211033151861761e-01
-3.179824561403086409e+05 1.536260099064437057e-01 2.647901926439244491e-01
-3.157894736841685954e+05 2.787056516794118588e-01 8.333302259322833416e-01
-3.135964912280285498e+05 -3.093910225927152258e-01 -1.483465479951134869e-02
-3.114035087718884461e+05 6.906158315167959527e-02 4.034645986400258177e-01
-3.092105263157484005e+05 4.557242616082279874e-02 4.718809571066914232e-01
-3.070175438596083550e+05 7.002259207434002874e-02 2.137047148039967759e-01
-3.048245614034683094e+05 -4.040396239847861282e-02 3.271050969547060761e-01
-3.026315789473282057e+05 1.571294861473031268e-01 2.449433471758838965e-01
-3.004385964911881601e+05 4.048458965203238780e-01 5.412585427663259008e-01
-2.982456140350481146e+05 2.254584955476374164e-02 5.419481800486855017e-01
-2.960526315789080691e+05 3.033865884323400652e-01 1.029542637977209352e-01
-2.938596491227679653e+05 -3.836424957096867816e-02 1.400759626281175008e-01
-2.916666666666279198e+05 -2.253401032710076191e-01 4.382576536907071274e-01
-2.894736842104878742e+05 9.617803015486106610e-02 3.472840293857035188e-01
-2.872807017543478287e+05 5.064854365540279180e-02 7.384001721109265670e-01
-2.850877192982077249e+05 1.901894311701050611e-01 6.588796697420261639e-01
-2.828947368420676794e+05 2.484172512089552753e-01 1.380919143763986168e-01
-2.807017543859276338e+05 -4.671325690849688073e-01 6.869797208624617291e-01
-2.785087719297875883e+05 2.108356852188598696e-01 2.957980242126214132e-01
-2.763157894736475428e+05 2.920127603092210755e-01 6.611981497892217563e-01
-2.741228070175074390e+05 -2.445464227264363688e-01 5.929129535570331067e-01
-2.719298245613673935e+05 3.581457434672188356e-01 1.261308843483783582e+00
-2.697368421052273479e+05 1.685867739704223212e-01 4.265308067705902983e-01
-2.675438596490873024e+05 7.848993012262239777e-02 8.034803948006289387e-01
-2.653508771929471986e+05 -7.639021893871067448e-02 7.100524567170485302e-01
-2.631578947368071531e+05 -4.977841547252762067e-02 1.094487376246299215e-01
-2.609649122806671076e+05 -3.170082857605547866e-01 5.667733685547780009e-01
-2.587719298245270329e+05 1.752173066106660348e-01 4.579983137031752860e-01
-2.565789473683869874e+05 -2.185408898470102626e-02 7.123209694970771277e-01
-2.543859649122469127e+05 4.294762070293038914e-01 6.506033370987613917e-01
-2.521929824561068672e+05 -9.422729570669886867e-02 9.650853006754824825e-01
-2.499999999999667925e+05 2.279070542413004219e-01 6.843010679789801598e-01
-2.478070175438267470e+05 2.500072344763164534e-01 5.241024977282013886e-01
-2.456140350876866723e+05 2.325508610631282780e-02 7.242227334320224807e-01
-2.434210526315466268e+05 -1.986473769094427300e-01 8.374899797318213768e-01
-2.412280701754065522e+05 -7.173765412117338869e-03 7.183249471822170662e-01
-2.390350877192665066e+05 4.069988735673485403e-01 1.192390233140570688e+00
-2.368421052631264320e+05 5.306251999535470387e-02 7.123771649528184424e-01
-2.346491228069863864e+05 -3.172455225655163580e-01 7.572444241269106202e-01
-2.324561403508463118e+05 3.917373674506434422e-02 5.910705442299601931e-01
-2.302631578947062662e+05 -8.875765186566109133e-02 1.014584441230900413e+00
-2.280701754385661916e+05 5.457828979366129846e-02 7.315567793528746643e-01
-2.258771929824261460e+05 1.818516167491754376e-01 1.189476327686600943e+00
-2.236842105262860714e+05 -1.677322243911262833e-01 1.037517855880692119e+00
-2.214912280701460259e+05 1.124178709217177052e-01 7.169173031979479971e-01
-2.192982456140059512e+05 2.654129832387300270e-01 7.919924250536297672e-01
-2.171052631578659057e+05 2.106654658673436931e-01 7.015520177819463132e-01
-2.149122807017258310e+05 1.495220537384922554e-01 5.696262896089161476e-01
-2.127192982455857855e+05 9.485151442270767230e-02 1.220671817872252429e+00
-2.105263157894457108e+05 -1.301160950491931090e-01 7.741045934048141897e-01
-2.083333333333056653e+05 5.022341178653383365e-02 1.015644084427682170e+00
-2.061403508771656197e+05 3.035320576220021382e-01 9.013034285093853848e-01
-2.039473684210255451e+05 2.546118987007792156e-02 6.019434756716536272e-01
-2.017543859648854996e+05 2.745881876338627792e-01 5.514688651714200196e-01
-1.995614035087454249e+05 -7.787872701326925551e-02 9.401751565311473602e-01
-1.973684210526053794e+05 1.276585482459773324e-01 8.356172418230156662e-01
-1.951754385964653047e+05 -5.735597782283940321e-02 9.533272287019808333e-01
-1.929824561403252592e+05 7.151392501487116027e-01 1.104328887819102878e+00
-1.907894736841851845e+05 3.856922033280797968e-01 1.097587785900454138e+00
-1.885964912280451390e+05 1.270388670875163828e-02 1.134790299617666420e+00
-1.864035087719050643e+05 1.886975435681800539e-01 1.350030771287013653e+00
-1.842105263157650188e+05 1.659256028622112245e-01 9.207685871265178790e-01
-1.820175438596249442e+05 2.983176639253264373e-01 1.163790656237760235e+00
-1.798245614034848986e+05 1.495649636982011033e-01 9.963700760329663453e-01
-1.776315789473448240e+05 3.379102979405760321e-01 1.027435828944726293e+00
-1.754385964912047784e+05 1.705578433288219009e-01 1.080308842218626220e+00
-1.732456140350647038e+05 2.391332842891185084e-01 9.213652848722708733e-01
-1.710526315789246582e+05 1.096948414459631704e-01 1.073041444777512288e+00
-1.688596491227845836e+05 4.191697565609023290e-02 5.481140601655142275e-01
-1.666666666666445381e+05 5.431922685425313868e-02 1.100407643083735509e+00
-1.644736842105044634e+05 3.831784591056579259e-02 1.304193231917115892e+00
-1.622807017543644179e+05 -1.034232195532287513e-01 1.439162954011313555e+00
-1.600877192982243432e+05 -2.799638140824316501e-01 7.268764089665264994e-01
-1.578947368420842977e+05 -4.469337895122247467e-02 8.743748682224348201e-01
-1.557017543859442230e+05 -3.137198005112433741e-01 1.083496278726291839e+00
-1.535087719298041775e+05 3.533924595269878899e-01 1.125334977726711427e+00
-1.513157894736641028e+05 3.608588872420245841e-02 7.527685247690791837e-01
-1.491228070175240573e+05 2.465635933113382028e-01 1.127897912965721838e+00
-1.469298245613839827e+05 3.983569105250562847e-01 1.191374672869578433e+00
-1.447368421052439371e+05 -1.700755548353858060e-01 1.655172892899735348e+00
-1.425438596491038625e+05 -1.432636657336098240e-01 1.412175248957883600e+00
-1.403508771929638169e+05 -3.716599582377466127e-01 1.291073856323844637e+00
-1.381578947368237714e+05 -1.219665838367949423e-01 9.255092946033967038e-01
-1.359649122806836967e+05 4.979291973069812638e-01 1.459110313298912276e+00
-1.337719298245436512e+05 -1.286509883174463964e-01 1.586656911983508778e+00
-1.315789473684035765e+05 1.175797785284140445e-01 1.795104330289009731e+00
-1.293859649122635165e+05 -1.900897218275912626e-01 1.478498489174218555e+00
-1.271929824561234564e+05 3.945556340910096882e-01 1.777264338191568038e+00
-1.249999999999833963e+05 2.473493746338347177e-01 1.967117423383335062e+00
-1.228070175438433362e+05 3.586396240490937193e-01 1.621830197805785634e+00
-1.206140350877032761e+05 4.483023023724475586e-01 1.861336584048003395e+00
-1.184210526315632160e+05 6.493732948137369287e-02 1.488248523287977632e+00
-1.162280701754231559e+05 3.184167090298047897e-01 2.646905068245293702e+00
-1.140350877192830958e+05 1.069326695425175944e-01 1.717928371950628419e+00
-1.118421052631430357e+05 -3.792387218426377521e-02 1.938526064066783627e+00
-1.096491228070029756e+05 2.424924317630207105e-01 1.671184662245912111e+00
-1.074561403508629155e+05 6.386273630658712008e-02 1.826224331819913393e+00
-1.052631578947228554e+05 1.380753767902829776e-01 2.037038384728283358e+00
-1.030701754385828099e+05 -5.619629039820822625e-02 1.676047478393112522e+00
-1.008771929824427498e+05 3.763555303759219539e-01 2.452769051420834678e+00
-9.868421052630268969e+04 1.052338488057301957e-01 1.975675662329257953e+00
-9.649122807016262959e+04 2.732357069180912923e-01 1.961959155564832136e+00
-9.429824561402256950e+04 -3.636181537777241624e-02 2.037389952735503940e+00
-9.210526315788250940e+04 -2.764262820892332551e-02 1.895898646065114823e+00
-8.991228070174244931e+04 4.473899426693397907e-02 2.390124581139100535e+00
-8.771929824560238922e+04 1.037244978960511349e-01 2.272929965832159560e+00
-8.552631578946232912e+04 -1.842885692125507124e-01 1.917682961170098510e+00
-8.333333333332226903e+04 2.896127810896241273e-01 2.735027990969874701e+00
-8.114035087718220893e+04 3.217960260580582377e-01 2.485732827684732804e+00
-7.894736842104214884e+04 -9.888808230643858499e-02 2.439373864671690484e+00
-7.675438596490208874e+04 2.798123865006573174e-01 2.663577701764285877e+00
-7.456140350876202865e+04 5.062999508176520003e-01 2.712770069968194697e+00
-7.236842105262196856e+04 2.571247903006725899e-01 2.630139077153887950e+00
-7.017543859648190846e+04 1.846882158247009631e-01 2.546213025842566147e+00
-6.798245614034184837e+04 -5.318960478045900442e-02 2.963672311005593585e+00
-6.578947368420178827e+04 3.053501942106162659e-01 3.035069582317309500e+00
-6.359649122806172818e+04 1.668487718828561284e-01 3.579395085698630741e+00
-6.140350877192166809e+04 -2.120155634474577000e-01 3.027102437535008850e+00
-5.921052631578160799e+04 -1.743571697536830389e-01 3.395547506266859195e+00
-5.701754385964154790e+04 -6.597076025640763453e-02 3.525418689213777768e+00
-5.482456140350148780e+04 4.182765254973366820e-01 4.468863532911290903e+00
-5.263157894736142771e+04 1.060534698315803159e-01 4.162847777853812659e+00
-5.043859649122137489e+04 -2.820521049508796507e-02 4.467255658344750913e+00
-4.824561403508131480e+04 -9.461390855687884516e-02 3.846403160230387197e+00
-4.605263157894125470e+04 -4.347439950410832421e-01 4.512595638292943967e+00
-4.385964912280119461e+04 6.316904225079980617e-03 4.369780953785197930e+00
-4.166666666666113451e+04 2.828871746392264130e-01 4.689572353923638914e+00
-3.947368421052107442e+04 -8.589963133957095875e-02 5.026689186593545244e+00
-3.728070175438101433e+04 1.304392399298437144e-01 5.001104953074495540e+00
-3.508771929824095423e+04 2.106618884371725398e-01 5.537886385726694449e+00
-3.289473684210089414e+04 1.458984891928506999e-01 6.062713345061485626e+00
-3.070175438596083404e+04 -5.558576615599956083e-01 6.233436731978556189e+00
-2.850877192982077395e+04 -9.740403091468718966e-02 6.985381243174507482e+00
-2.631578947368071385e+04 -3.877494338863782253e-01 7.570029706588581320e+00
-2.412280701754065740e+04 4.589194534693613603e-01 8.368516753081241433e+00
-2.192982456140059730e+04 -2.671099375670183407e-01 9.063640424969934273e+00
-1.973684210526053721e+04 -4.997978588663929966e-01 1.042572787826058800e+01
-1.754385964912047712e+04 -7.453407050049789540e-01 1.173648298600697260e+01
-1.535087719298041702e+04 -7.227030650343369000e-01 1.383627578266796831e+01
-1.315789473684035693e+04 -1.509826620291941701e+00 1.701832211406941298e+01
-1.096491228070029865e+04 -2.188189527836064574e+00 2.125406524109681783e+01
-8.771929824560238558e+03 1.889428208492346106e-01 2.888757616892831948e+01
-6.578947368420178464e+03 4.194205293923735089e-01 4.988951814667664308e+01
-4.385964912280119279e+03 4.755106495066269190e+01 5.277830717036000863e+01
-2.192982456140059639e+03 6.590084456835118942e+01 2.694587443653006176e+01
0.000000000000000000e+00 2.125148162459339907e-01 2.220456326724909446e-02
2.192982456140059639e+03 6.469666473978809051e+01 -2.157485954610634948e+01
4.385964912280119279e+03 5.030687482835724467e+01 -4.302151538888409021e+01
6.578947368420178464e+03 2.332365372585685037e+01 -5.867288137719434360e+01
8.771929824560238558e+03 -4.455434181673163963e+00 -3.144817957729241087e+01
1.096491228070029865e+04 -1.482864623613457500e+00 -2.166798092171586276e+01
1.315789473684035693e+04 -1.090817313297503421e+00 -1.737956933630420053e+01
1.535087719298041702e+04 -2.522690108005422593e-01 -1.422792668618956213e+01
1.754385964912047712e+04 -2.712698918374314427e-01 -1.245621198774761318e+01
1.973684210526053721e+04 -3.758764370098627294e-01 -1.155999756770361486e+01
2.192982456140059730e+04 -6.520258356959567347e-01 -9.934334942803069168e+00
2.412280701754065740e+04 6.071246039425299418e-02 -8.561477235357921600e+00
2.631578947368071385e+04 -3.052618428477727464e-01 -8.152860074043069005e+00
2.850877192982077395e+04 -3.938458137227967004e-01 -7.102415082374487376e+00
3.070175438596083404e+04 -5.290523599988347092e-01 -6.850124753286538137e+00
3.289473684210089414e+04 -1.980121909867797181e-01 -6.575693711457075707e+00
3.508771929824095423e+04 3.808731728826297847e-01 -6.091988046321453965e+00
3.728070175438101433e+04 -1.827225463697133012e-01 -6.092199576626656565e+00
3.947368421052107442e+04 3.848978852009182772e-02 -5.326015640166744447e+00
4.166666666666113451e+04 -3.279899758879543659e-01 -4.750040257779424735e+00
4.385964912280119461e+04 1.093569036337890266e-01 -4.835323939981019947e+00
4.605263157894125470e+04 -4.833395955142899547e-03 -4.611728910062679709e+00
4.824561403508131480e+04 -1.011231568505905898e-01 -4.297799871086159129e+00
5.043859649122137489e+04 -4.524127938204003385e-03 -3.970316418295267713e+00
5.263157894736142771e+04 8.377092188321930144e-02 -4.040498550607086514e+00
5.482456140350148780e+04 1.308387830597422807e-01 -3.755110607910684184e+00
5.701754385964154790e+04 5.812641271939429366e-01 -3.530919179928899698e+00
5.921052631578160799e+04 1.531618843683680287e-01 -4.146831373865828674e+00
6.140350877192166809e+04 1.484036814124792270e-01 -3.215564669841850076e+00
6.359649122806172818e+04 1.228018605862028212e-01 -3.300172469942316944e+00
6.578947368420178827e+04 -7.593235480347508559e-03 -3.425643906194054455e+00
6.798245614034184837e+04 -2.645480093099564223e-02 -2.953230875858741555e+00
7.017543859648190846e+04 3.104020707490744990e-01 -3.058590657867193308e+00
7.236842105262196856e+04 3.132620360396550785e-01 -3.074744904686914637e+00
7.456140350876202865e+04 1.681376822192005294e-01 -2.586477424463132557e+00
7.675438596490208874e+04 1.756328772335647437e-01 -2.784912982395218783e+00
7.894736842104214884e+04 -6.058011333786683661e-02 -2.694085937771342198e+00
8.114035087718220893e+04 9.284147669934161851e-02 -2.428609609449975171e+00
8.333333333332226903e+04 -1.144844480614284898e-01 -2.359130513905427495e+00
8.552631578946232912e+04 3.106664873496154944e-01 -2.303324994397287995e+00
8.771929824560238922e+04 -2.147501443323464598e-01 -2.601590469902273384e+00
8.991228070174244931e+04 9.828348975546458144e-02 -2.176628591150304715e+00
9.210526315788250940e+04 -3.242807225432252638e-01 -2.263929033017161530e+00
9.429824561402256950e+04 -2.614777609563464500e-01 -1.928555852269566273e+00
9.649122807016262959e+04 1.574622936156998276e-01 -2.185049691985460285e+00
9.868421052630268969e+04 2.264644098058255783e-01 -2.127530415100643779e+00
1.008771929824427498e+05 -5.954305265730042152e-02 -1.858228635251105487e+00
1.030701754385828099e+05 7.594114509939231539e-02 -2.457870793817908961e+00
1.052631578947228554e+05 -8.611397057271361066e-03 -1.654903581533725188e+00
1.074561403508629155e+05 3.756994640377421812e-01 -1.742717666959924694e+00
1.096491228070029756e+05 -5.433841218720469879e-02 -1.548831380554964277e+00
1.118421052631430357e+05 -7.385153418873705022e-02 -1.699068467276586780e+00
1.140350877192830958e+05 1.426233537939507190e-01 -1.941252713938036445e+00
1.162280701754231559e+05 2.283670368901759284e-01 -1.732251462194829061e+00
1.184210526315632160e+05 4.139590493810585969e-01 -1.724559580088319999e+00
1.206140350877032761e+05 4.785819194595499759e-01 -1.509268566076923612e+00
1.228070175438433362e+05 6.448016545293906721e-02 -1.549229777702974875e+00
1.249999999999833963e+05 -1.718475829616458173e-01 -1.402024675309490265e+00
1.271929824561234564e+05 4.982204240920881655e-01 -1.419390722343164546e+00
1.293859649122635165e+05 2.417757954170238754e-01 -1.152939954893726249e+00
1.315789473684035765e+05 1.889447849063790041e-01 -1.646517937961268885e+00
1.337719298245436512e+05 4.057173706741559749e-02 -1.293275402349362890e+00
1.359649122806836967e+05 -1.856494795575480694e-03 -1.703423149640721945e+00
1.381578947368237714e+05 3.892860442345871252e-01 -1.457544413295805530e+00
1.403508771929638169e+05 9.960668690831429861e-02 -1.417806226740307984e+00
1.425438596491038625e+05 4.409691038653191786e-01 -1.250435592834304721e+00
1.447368421052439371e+05 5.532407875281608600e-01 -1.689744340205015849e+00
1.469298245613839827e+05 -2.769458654083851168e-01 -8.718137986553293750e-01
1.491228070175240573e+05 1.168678828524592483e-01 -1.477676996721940750e+00
1.513157894736641028e+05 -1.500211579230677217e-02 -9.655854399300460855e-01
1.535087719298041775e+05 -2.799424440603722197e-01 -1.515518260925175831e+00
1.557017543859442230e+05 8.379210064184244855e-02 -1.554784175752629505e+00
1.578947368420842977e+05 1.509150903109760244e-01 -1.549441618765586615e+00
1.600877192982243432e+05 -5.515298708405461103e-02 -1.314587920977471347e+00
1.622807017543644179e+05 4.697573854008668115e-01 -6.360174347177280918e-01
1.644736842105044634e+05 -4.075005049214203146e-01 -1.088704743469554037e+00
1.666666666666445381e+05 6.214054520512357627e-02 -1.090142408815049757e+00
1.688596491227845836e+05 1.283075509874688214e-01 -8.020081546088264624e-01
1.710526315789246582e+05 1.790102973286885890e-01 -1.014298856584405328e+00
1.732456140350647038e+05 2.492905949290259715e-02 -9.279914156190778307e-01
1.754385964912047784e+05 3.048552968841850008e-02 -1.011672641252808535e+00
1.776315789473448240e+05 -6.219527397389611190e-02 -8.017909409452865788e-01
1.798245614034848986e+05 -9.681355358025917068e-03 -7.796673247654608563e-01
1.820175438596249442e+05 3.722365227041848357e-01 -1.147528377610676831e+00
1.842105263157650188e+05 2.523702283734414742e-01 -9.593565288500798260e-01
1.864035087719050643e+05 2.589225403931120217e-01 -1.087739674783200883e+00
1.885964912280451390e+05 2.217756910385268732e-01 -3.878747948711140925e-01
1.907894736841851845e+05 -1.669716426561380640e-01 -9.348291569996208805e-01
1.929824561403252592e+05 3.415782662433312633e-01 -7.887855250229623971e-01
1.951754385964653047e+05 -1.958050086725010019e-01 -8.475784211875576624e-01
1.973684210526053794e+05 -1.486953176501452090e-01 -7.166861532529023027e-01
1.995614035087454249e+05 4.522732894227303735e-01 -9.449219894994366209e-01
2.017543859648854996e+05 -1.765839033957324611e-01 -9.282625550008598569e-01
2.039473684210255451e+05 -1.095164003815562725e-01 -8.940590899840163974e-01
2.061403508771656197e+05 5.877198571021724494e-02 -7.787681767920058284e-01
2.083333333333056653e+05 -3.392075858363918783e-02 -9.625667894392646584e-01
2.105263157894457108e+05 -3.202641718945526961e-01 -7.435156038173852400e-01
2.127192982455857855e+05 -8.979787653520893143e-02 -9.462608293079929345e-01
2.149122807017258310e+05 3.312632451901461050e-01 -5.885973640551235286e-01
2.171052631578659057e+05 -4.567267663853119553e-01 -7.615725182442895091e-01
2.192982456140059512e+05 9.608598534415530024e-02 -7.572854893921111552e-01
2.214912280701460259e+05 1.632801701488278412e-01 -5.798811366551344104e-01
2.236842105262860714e+05 5.490397387515237593e-02 -1.066659281924499991e+00
2.258771929824261460e+05 6.114493441637627175e-02 -6.870147116787789221e-01
2.280701754385661916e+05 1.823494989338269034e-01 -6.528566382117362288e-01
2.302631578947062662e+05 3.824743766153193003e-01 -6.485164601696586928e-01
2.324561403508463118e+05 3.366884934401710439e-01 -8.099308137852700984e-01
2.346491228069863864e+05 -6.149703760709393507e-02 -4.845813405788772510e-01
2.368421052631264320e+05 -2.560469327921131577e-01 -9.326671000296351544e-01
2.390350877192665066e+05 1.194482058116239087e-02 -4.841513788646666372e-01
2.412280701754065522e+05 -1.713477577144424946e-01 -8.348954726012025596e-01
2.434210526315466268e+05 -1.181934333759443734e-01 -5.479670100837755742e-01
2.456140350876866723e+05 -3.011271609208453215e-02 -7.435395178036952046e-01
2.478070175438267470e+05 5.542403373541270051e-02 -5.176094275385789700e-01
2.499999999999667925e+05 2.115156373997078842e-01 -1.963425719922786694e-01
2.521929824561068672e+05 2.233184840079128486e-01 -1.405122775132948476e+00
2.543859649122469127e+05 1.877557592632037309e-01 -8.027457836293117044e-01
2.565789473683869874e+05 -1.411870895732354469e-01 -5.874560059218834063e-01
2.587719298245270329e+05 3.942891480114387726e-01 -9.181447130756796859e-01
2.609649122806671076e+05 1.293122565954010206e-01 -3.894334512790698088e-01
2.631578947368071531e+05 -2.390783797993643878e-01 -8.589279557360925965e-01
2.653508771929471986e+05 1.846362241101169865e-01 -9.068729244651370092e-01
2.675438596490873024e+05 3.035371906014724397e-01 -2.982929296942823938e-01
2.697368421052273479e+05 4.003673164612635282e-02 -7.276480704681371758e-01
2.719298245613673935e+05 2.327861177920506897e-01 -5.725566419061178802e-01
2.741228070175074390e+05 -1.459506766329029537e-01 -4.955647069892119561e-01
2.763157894736475428e+05 -5.825218912122781534e-02 -7.410090480246903644e-01
2.785087719297875883e+05 2.870557919076480724e-01 -6.661164851819523225e-01
2.807017543859276338e+05 -1.134524034197015585e-01 -4.921118700163792381e-01
2.828947368420676794e+05 5.300529736956918203e-01 -3.713937518583542707e-01
2.850877192982077249e+05 3.597503829036059475e-01 -7.062023599853164413e-01
2.872807017543478287e+05 -5.601638873893659554e-01 -3.148769953477343897e-01
2.894736842104878742e+05 1.727530624135718562e-01 -6.977695353378207122e-01
2.916666666666279198e+05 4.408008930024037708e-02 -9.752976756891075238e-01
2.938596491227679653e+05 9.963184614177010567e-02 -3.344833272289799986e-01
2.960526315789080691e+05 2.839813473601771610e-01 -9.302950639202534067e-02
2.982456140350481146e+05 -1.785900018748036167e-01 -2.896423974369727317e-01
3.004385964911881601e+05 -1.413886182617808962e-01 -7.773239387449262239e-01
3.026315789473282057e+05 3.962278590136786294e-04 -6.613163849526884075e-01
3.048245614034683094e+05 6.870186119213581022e-02 -5.879061154029133762e-01
3.070175438596083550e+05 6.663640271749071697e-02 -6.750977429394225959e-01
3.092105263157484005e+05 -6.642346550279266959e-02 -5.002493475006171142e-01
3.114035087718884461e+05 9.753367237730770078e-02 -4.815262965608904100e-01
3.135964912280285498e+05 5.429790374843991296e-01 -2.985086756944111963e-01
3.157894736841685954e+05 4.223678619284696456e-01 -4.364911726003105619e-01
3.179824561403086409e+05 -2.526452076926480328e-02 -6.895652172731245866e-01
3.201754385964486864e+05 5.777136908815518890e-01 -3.865353223763567936e-01
3.223684210525887902e+05 2.099586247737106337e-01 -6.496963456439887041e-01
3.245614035087288357e+05 2.854004407882924088e-01 -1.984360405710789976e-01
3.267543859648688813e+05 2.923580099656995779e-02 -5.593953582648443223e-01
3.289473684210089268e+05 3.160774026471369069e-01 -2.732657977576759545e-01
3.311403508771490306e+05 -1.845031516042443531e-01 -2.554645060999793382e-01
3.333333333332890761e+05 -3.599270243285137005e-01 -6.491420627225411577e-01
3.355263157894291217e+05 4.304656648059417834e-01 -2.445728424756117847e-01
3.377192982455691672e+05 4.654257574362219985e-01 -4.349695954694747790e-01
3.399122807017092709e+05 -1.724507506088812647e-01 -8.826340990250244323e-01
3.421052631578493165e+05 1.023919702265216891e-01 -4.575149356496752140e-01
3.442982456139893620e+05 -2.553907297527075945e-02 -5.043632142348644098e-01
3.464912280701294076e+05 -8.500360953635582861e-02 -4.106575016812309409e-01
3.486842105262695113e+05 3.042992365422235168e-01 -3.691699232290961974e-01
3.508771929824095569e+05 -1.088918675866408226e-01 2.523044622069749443e-01
3.530701754385496024e+05 3.162352153735611404e-01 -3.639412549237410199e-01
3.552631578946896479e+05 -1.760350139672820224e-01 -1.022698420193518531e-01
3.574561403508296935e+05 -2.820736030835366281e-02 -4.329523436684653559e-01
3.596491228069697972e+05 1.682480651068136990e-01 -9.786894612107510660e-02
3.618421052631098428e+05 -4.551722723961407896e-02 -4.704534975056978707e-01
3.640350877192498883e+05 2.029538963238536331e-01 -4.660544156756544210e-01
3.662280701753899339e+05 -4.646449477560832264e-02 -3.376384684673101599e-01
3.684210526315300376e+05 -4.870729601490902949e-04 -2.163940917560279176e-01
3.706140350876700832e+05 -1.554825000777541599e-01 -3.280699960939532644e-01
3.728070175438101287e+05 -4.044943713890941650e-03 2.626195885526442370e-02
3.749999999999501742e+05 1.612977425530272985e-02 2.112094514417761637e-02
3.771929824560902780e+05 1.411806680218563315e-01 -3.031319280629408697e-01
3.793859649122303235e+05 1.991593785565880237e-02 -2.937374584932505028e-01
3.815789473683703691e+05 3.705071653456422365e-02 1.517862873596935724e-01
3.837719298245104146e+05 9.635793591023847360e-02 -5.763623756647884289e-02
3.859649122806505184e+05 2.513318030307462592e-02 -2.493557916843529842e-01
3.881578947367905639e+05 1.406078491359455951e-01 -3.561410323427428026e-01
3.903508771929306095e+05 -7.527788875385832412e-02 -3.940087635687343215e-01
3.925438596490706550e+05 8.185964314818316989e-02 -1.834826591798662809e-01
3.947368421052107587e+05 8.972201703155091579e-02 -1.899927748742813449e-03
3.969298245613508043e+05 -3.279658557367293170e-01 1.649887630979206543e-01
3.991228070174908498e+05 1.923242770060570317e-01 -8.448517183456266677e-02
4.013157894736308954e+05 -3.541762988572106918e-01 -3.379122287104039390e-01
4.035087719297709991e+05 2.613652960962492000e-01 -3.023444071577831571e-01
4.057017543859110447e+05 -6.321740219961652363e-03 -1.708347136556386259e-01
4.078947368420510902e+05 1.950150080579984846e-01 -3.812072159310703201e-02
4.100877192981911357e+05 2.505986779362435746e-01 -9.329107037295941707e-02
4.122807017543312395e+05 -3.456187651120546933e-01 3.512756622383810812e-01
4.144736842104712850e+05 3.536565580978284773e-02 -2.572788039056089771e-01
4.166666666666113306e+05 -3.269316583822956535e-01 -5.031437769259848869e-01
4.188596491227513761e+05 -9.132979149623832171e-02 -2.526479517197111058e-01
4.210526315788914217e+05 2.879790767915705874e-01 9.728167552556499231e-02
4.232456140350315254e+05 5.725433072223380382e-01 -2.503637829346569421e-01
4.254385964911715710e+05 7.590288284540303021e-02 -1.115082604432764135e-01
4.276315789473116165e+05 2.620461308266222589e-02 1.236010094773402901e-02
4.298245614034516620e+05 -6.743223817764967820e-02 -3.873376853492530025e-02
4.320175438595917658e+05 3.534600139604376912e-01 2.532177773679386568e-01
4.342105263157318113e+05 1.800284144824171317e-01 -8.737441105799105545e-02
4.364035087718718569e+05 2.015663366892078701e-01 -1.674629042775723775e-01
4.385964912280119024e+05 -2.267442774556955032e-01 1.687286946488512074e-01
4.407894736841520062e+05 -1.149958166917708358e-02 3.834996739926822551e-01
4.429824561402920517e+05 2.146318940901887351e-01 -5.374924860971741492e-01
4.451754385964320973e+05 -4.880807389315512668e-02 -8.166824510381967550e-02
4.473684210525721428e+05 -2.789960790900294918e-01 -1.856764274314466334e-01
4.495614035087122465e+05 3.168853924943744738e-01 7.768298843484200411e-02
4.517543859648522921e+05 3.472309652424991344e-01 -8.448108385544193799e-02
4.539473684209923376e+05 -1.666358558645515964e-01 2.696133690064933530e-02
4.561403508771323832e+05 -2.942991115449611339e-02 -7.557757442282131422e-02
4.583333333332724869e+05 -1.035311418924264454e-01 -2.195763180306053441e-01
4.605263157894125325e+05 -4.138105130871079507e-02 -2.889506186289020340e-01
4.627192982455525780e+05 -1.558098758022496977e-02 -1.388172904484882286e-01
4.649122807016926236e+05 -3.354905366239221282e-02 -1.442963844991995148e-01
4.671052631578327273e+05 2.815996545050606370e-01 -1.274696014001747146e-01
4.692982456139727728e+05 1.671030126752072187e-01 -6.407511664910381377e-02
4.714912280701128184e+05 1.292684049277872393e-01 -2.197852841428131199e-01
4.736842105262528639e+05 1.860114283833836368e-01 1.750476262826777263e-01
4.758771929823929677e+05 1.730032098761175030e-01 -9.364713411811015353e-02
4.780701754385330132e+05 1.301174984270618562e-01 -5.080601927650732486e-02
4.802631578946730588e+05 7.169558784692528497e-02 -3.608958809500862341e-01
4.824561403508131043e+05 1.033062584866339811e-01 7.966684348131389259e-02
4.846491228069532081e+05 1.841113410574088394e-01 -2.551958818375433813e-01
4.868421052630932536e+05 -3.774531069592831217e-02 2.057411793821212198e-01
4.890350877192332991e+05 3.694201150053547100e-02 -2.673291224205783800e-01
4.912280701753733447e+05 3.339075488291887162e-01 -5.603866519805446311e-02
4.934210526315133902e+05 5.154625736503467559e-01 -3.531030805743373691e-02
4.956140350876534940e+05 8.339644870767179419e-02 -2.871296554026430137e-01
4.978070175437935395e+05 -2.392002739265699507e-01 -1.114490218713973246e-01
