-46.2   0.065
-45.4   0.07
-44.1   0.073
-42.7   0.078
-41.5   0.086
-40.0   0.096
-38.8   0.11
-37.6   0.125
-36.6   0.14
-35.7   0.16
-34.9   0.18
-34.0   0.198
-33.3   0.22
-32.7   0.24
-32.0   0.265
-31.4   0.285
-30.7   0.31
-30.1   0.33
-29.6   0.36
-28.5   0.41
-28.0   0.44
-27.4   0.47
-26.9   0.5
-26.4   0.525
-25.8   0.56
-25.2   0.59
-24.7   0.63
-24.1   0.67
-23.4   0.71
-22.7   0.75
-22.2   0.79
-21.5   0.84
-20.9   0.88
-20.3   0.91
-19.7   0.95
-19.1   0.95
-18.6   1.0
-18.1   1.0
-17.4   1.05
-17.0   1.07
-16.3   1.08
-15.8   1.04
-15.3   1.02
-14.6   1.0
-14.0   1.0
-13.4   0.95
-12.7   0.94
-12.1   0.91
-11.5   0.88
-10.8   0.85
-10.2   0.8
-9.6    0.76
-8.9    0.71
-8.3    0.67
-7.8    0.63
-7.1    0.58
-6.6    0.55
-6.0    0.52
-5.6    0.49
-4.8    0.47
-4.2    0.45
-3.7    0.43
-3.1    0.42
-2.4    0.42
-1.7    0.42
-1.2    0.41
-0.7    0.42
-0.1    0.42
0.5     0.42
1.1     0.43
1.6     0.43
2.3     0.44
3.0     0.45
3.6     0.46
4.2     0.47
4.9     0.48
5.6     0.5
6.2     0.51
6.8     0.52
7.5     0.54
8.2     0.55
8.8     0.55
9.3     0.57
9.9     0.57
10.5    0.59
11.1    0.6
11.6    0.6
12.2    0.61
12.6    0.62