-58.0   0.026
-56.8   0.026
-55.6   0.027
-54.1   0.028
-52.6   0.029
-51.1   0.032
-49.7   0.034
-48.5   0.037
-47.2   0.04
-46.0   0.044
-45.0   0.049
-43.8   0.054
-42.7   0.06
-41.8   0.068
-40.8   0.076
-39.8   0.087
-38.9   0.095
-37.9   0.11
-36.9   0.125
-36.0   0.14
-35.1   0.16
-34.2   0.175
-33.2   0.2
-32.5   0.225
-31.7   0.255
-30.8   0.29
-30.0   0.32
-29.1   0.36
-28.3   0.4
-27.5   0.44
-26.7   0.49
-25.8   0.55
-24.9   0.61
-24.0   0.68
-23.1   0.75
-22.2   0.83
-21.3   0.91
-20.5   1.0
-19.6   1.08
-18.8   1.15
-17.9   1.23
-17.0   1.3
-15.9   1.39
-15.1   1.45
-14.1   1.49
-13.3   1.5
-12.4   1.52
-11.4   1.5
-10.6   1.45
-9.6    1.4
-8.7    1.32
-7.9    1.24
-7.1    1.14
-6.2    1.05
-5.3    0.95
-4.4    0.87
-3.5    0.8
-2.5    0.74
-1.6    0.69
-0.7    0.66
0.3     0.63
1.1     0.62
1.9     0.61
2.8     0.61
3.7     0.62
4.6     0.63
5.4     0.64
6.4     0.65
7.4     0.67
8.1     0.69
8.9     0.71
9.9     0.73
10.8    0.76
11.7    0.78
12.6    0.8
13.5    0.82
14.5    0.85
15.2    0.87
16.1    0.89
16.9    0.91
17.9    0.93