0.000e+00 0.000e+00
5.000e-03 1.200e-02
1.000e-02 2.747e-02
1.500e-02 4.216e-02
2.000e-02 5.276e-02
2.500e-02 5.641e-02
3.000e-02 5.272e-02
3.500e-02 4.548e-02
4.000e-02 3.875e-02
4.500e-02 3.560e-02
5.000e-02 3.565e-02
5.500e-02 3.720e-02
6.000e-02 4.060e-02
6.500e-02 4.435e-02
7.000e-02 4.889e-02
7.500e-02 5.472e-02
8.000e-02 6.072e-02
8.500e-02 6.784e-02
9.000e-02 7.517e-02
9.500e-02 8.316e-02
1.000e-01 9.118e-02
1.050e-01 1.002e-01
1.100e-01 1.096e-01
1.150e-01 1.191e-01
1.200e-01 1.286e-01
1.250e-01 1.392e-01
1.300e-01 1.503e-01
1.350e-01 1.616e-01
1.400e-01 1.711e-01
1.450e-01 1.814e-01
1.500e-01 1.917e-01
1.550e-01 2.038e-01
1.600e-01 2.145e-01
1.650e-01 2.248e-01
1.700e-01 2.358e-01
1.750e-01 2.478e-01
1.800e-01 2.610e-01
1.850e-01 2.728e-01
1.900e-01 2.850e-01
1.950e-01 2.939e-01
2.000e-01 3.001e-01
2.050e-01 2.999e-01
2.100e-01 2.923e-01
2.150e-01 2.778e-01
2.200e-01 2.546e-01
2.250e-01 2.265e-01
2.300e-01 1.948e-01
2.350e-01 1.633e-01
2.400e-01 1.312e-01
2.450e-01 1.021e-01
2.500e-01 8.110e-02
2.550e-01 6.365e-02
2.600e-01 4.957e-02
2.650e-01 4.090e-02
2.700e-01 3.568e-02
2.750e-01 3.230e-02
2.800e-01 2.950e-02
2.850e-01 2.645e-02
2.900e-01 2.334e-02
2.950e-01 2.041e-02
3.000e-01 1.822e-02
3.050e-01 1.676e-02
3.100e-01 1.608e-02
3.150e-01 1.540e-02
3.200e-01 1.471e-02
3.250e-01 1.376e-02
3.300e-01 1.258e-02
3.350e-01 1.143e-02
3.400e-01 1.039e-02
3.450e-01 9.612e-03
3.500e-01 9.178e-03
3.550e-01 9.064e-03
3.600e-01 8.942e-03
3.650e-01 8.814e-03
3.700e-01 8.306e-03
3.750e-01 7.766e-03
3.800e-01 7.043e-03
3.850e-01 6.393e-03
3.900e-01 5.960e-03
3.950e-01 5.745e-03
4.000e-01 5.745e-03
4.050e-01 5.826e-03
4.100e-01 5.849e-03
4.150e-01 5.636e-03
4.200e-01 5.335e-03
4.250e-01 4.828e-03
4.300e-01 4.469e-03
4.350e-01 4.082e-03
4.400e-01 3.827e-03
4.450e-01 3.835e-03
4.500e-01 3.939e-03
4.550e-01 4.029e-03
4.600e-01 4.027e-03
4.650e-01 3.834e-03
4.700e-01 3.680e-03
4.750e-01 3.320e-03
4.800e-01 2.955e-03
4.850e-01 2.735e-03
4.900e-01 2.658e-03
4.950e-01 2.618e-03
5.000e-01 2.673e-03
5.050e-01 2.799e-03
5.100e-01 2.793e-03
5.150e-01 2.727e-03
5.200e-01 2.575e-03
5.250e-01 2.354e-03
5.300e-01 2.106e-03
5.350e-01 1.946e-03
5.400e-01 1.863e-03
5.450e-01 1.898e-03
5.500e-01 1.927e-03
5.550e-01 2.019e-03
5.600e-01 2.065e-03
5.650e-01 2.047e-03
5.700e-01 1.899e-03
5.750e-01 1.732e-03
5.800e-01 1.560e-03
5.850e-01 1.412e-03
5.900e-01 1.349e-03
5.950e-01 1.363e-03
6.000e-01 1.394e-03
6.050e-01 1.475e-03
6.100e-01 1.523e-03
6.150e-01 1.512e-03
6.200e-01 1.447e-03
6.250e-01 1.342e-03
6.300e-01 1.174e-03
6.350e-01 1.116e-03
6.400e-01 9.895e-04
6.450e-01 9.578e-04
6.500e-01 1.023e-03
6.550e-01 1.078e-03
6.600e-01 1.080e-03
6.650e-01 1.162e-03
6.700e-01 1.107e-03
6.750e-01 1.019e-03
6.800e-01 9.611e-04
6.850e-01 8.321e-04
6.900e-01 7.684e-04
6.950e-01 7.626e-04
7.000e-01 7.558e-04
7.050e-01 7.856e-04
7.100e-01 8.348e-04
7.150e-01 8.299e-04
7.200e-01 8.322e-04
7.250e-01 8.147e-04
7.300e-01 7.291e-04
7.350e-01 6.634e-04
7.400e-01 6.100e-04
7.450e-01 5.866e-04
7.500e-01 5.713e-04
7.550e-01 5.707e-04
7.600e-01 5.882e-04
7.650e-01 6.004e-04
7.700e-01 6.216e-04
7.750e-01 5.866e-04
7.800e-01 5.421e-04
7.850e-01 4.995e-04
7.900e-01 4.669e-04
7.950e-01 4.276e-04
8.000e-01 4.371e-04
8.050e-01 4.083e-04
8.100e-01 4.141e-04
8.150e-01 4.221e-04
8.200e-01 4.347e-04
8.250e-01 4.365e-04
8.300e-01 4.015e-04
8.350e-01 3.889e-04
8.400e-01 3.690e-04
8.450e-01 3.079e-04
8.500e-01 3.051e-04
8.550e-01 3.097e-04
8.600e-01 3.067e-04
8.650e-01 3.116e-04
8.700e-01 3.352e-04
8.750e-01 3.193e-04
8.800e-01 3.110e-04
8.850e-01 2.978e-04
8.900e-01 2.603e-04
8.950e-01 2.533e-04
9.000e-01 2.161e-04
9.050e-01 2.256e-04
9.100e-01 2.241e-04
9.150e-01 2.238e-04
9.200e-01 2.278e-04
9.250e-01 2.235e-04
9.300e-01 2.201e-04
9.350e-01 2.161e-04
9.400e-01 2.023e-04
9.450e-01 1.916e-04
9.500e-01 1.811e-04
9.550e-01 1.679e-04
9.600e-01 1.615e-04
9.650e-01 1.569e-04
9.700e-01 1.695e-04
9.750e-01 1.854e-04
9.800e-01 1.744e-04
9.850e-01 1.636e-04
9.900e-01 1.655e-04
9.950e-01 1.461e-04
1.000e+00 1.440e-04
1.005e+00 1.256e-04
1.010e+00 1.283e-04
1.015e+00 1.127e-04
1.020e+00 1.311e-04
1.025e+00 1.185e-04
1.030e+00 1.252e-04
1.035e+00 1.234e-04
1.040e+00 1.369e-04
1.045e+00 1.206e-04
1.050e+00 1.157e-04
1.055e+00 9.793e-05
1.060e+00 9.670e-05
1.065e+00 8.626e-05
1.070e+00 1.145e-04
1.075e+00 9.394e-05
1.080e+00 1.038e-04
1.085e+00 1.001e-04
1.090e+00 9.209e-05
1.095e+00 8.718e-05
1.100e+00 8.288e-05
1.105e+00 8.595e-05
1.110e+00 7.153e-05
1.115e+00 7.245e-05
1.120e+00 7.306e-05
1.125e+00 7.275e-05
1.130e+00 6.692e-05
1.135e+00 6.876e-05
1.140e+00 7.460e-05
1.145e+00 8.350e-05
1.150e+00 6.539e-05
1.155e+00 6.754e-05
1.160e+00 6.354e-05
1.165e+00 7.214e-05
1.170e+00 5.894e-05
1.175e+00 5.802e-05
1.180e+00 6.262e-05
1.185e+00 6.047e-05
1.190e+00 6.017e-05
1.195e+00 6.416e-05
1.200e+00 6.447e-05
1.205e+00 4.390e-05
1.210e+00 4.820e-05
1.215e+00 4.359e-05
1.220e+00 4.451e-05
1.225e+00 4.635e-05
1.230e+00 4.513e-05
1.235e+00 4.635e-05
1.240e+00 4.697e-05
1.245e+00 5.157e-05
1.250e+00 4.666e-05
1.255e+00 4.298e-05
1.260e+00 4.697e-05
1.265e+00 3.500e-05
1.270e+00 2.855e-05
1.275e+00 3.530e-05
1.280e+00 3.407e-05
1.285e+00 3.745e-05
1.290e+00 3.438e-05
1.295e+00 3.684e-05
1.300e+00 3.377e-05
1.305e+00 3.407e-05
1.310e+00 2.978e-05
1.315e+00 2.149e-05
1.320e+00 2.425e-05
1.325e+00 2.855e-05
1.330e+00 2.456e-05
1.335e+00 1.811e-05
1.340e+00 2.609e-05
1.345e+00 2.579e-05
1.350e+00 3.254e-05
1.355e+00 2.794e-05
1.360e+00 2.579e-05
1.365e+00 2.333e-05
1.370e+00 2.272e-05
1.375e+00 2.241e-05
1.380e+00 2.364e-05
1.385e+00 2.210e-05
1.390e+00 2.425e-05
1.395e+00 2.487e-05
1.400e+00 2.671e-05
1.405e+00 2.579e-05
1.410e+00 2.149e-05
1.415e+00 1.842e-05
1.420e+00 1.934e-05
1.425e+00 2.118e-05
1.430e+00 1.719e-05
1.435e+00 1.566e-05
1.440e+00 1.903e-05
1.445e+00 1.934e-05
1.450e+00 1.780e-05
1.455e+00 1.750e-05
1.460e+00 1.719e-05
1.465e+00 1.780e-05
1.470e+00 1.903e-05
1.475e+00 1.719e-05
1.480e+00 1.136e-05
1.485e+00 1.688e-05
1.490e+00 8.902e-06
1.495e+00 1.289e-05
1.500e+00 1.074e-05
1.505e+00 1.566e-05
1.510e+00 1.903e-05
1.515e+00 2.057e-05
1.520e+00 1.289e-05
1.525e+00 1.596e-05
1.530e+00 1.197e-05
1.535e+00 1.228e-05
1.540e+00 1.044e-05
1.545e+00 1.197e-05
1.550e+00 9.516e-06
1.555e+00 1.167e-05
1.560e+00 1.351e-05
1.565e+00 1.074e-05
1.570e+00 1.197e-05
1.575e+00 1.228e-05
1.580e+00 8.595e-06
1.585e+00 1.013e-05
1.590e+00 1.412e-05
1.595e+00 8.902e-06
1.600e+00 8.902e-06
1.605e+00 7.061e-06
1.610e+00 6.140e-06
1.615e+00 9.823e-06
1.620e+00 9.823e-06
1.625e+00 7.674e-06
1.630e+00 1.074e-05
1.635e+00 8.595e-06
1.640e+00 8.288e-06
1.645e+00 5.219e-06
1.650e+00 8.902e-06
1.655e+00 4.912e-06
1.660e+00 6.140e-06
1.665e+00 5.526e-06
1.670e+00 6.140e-06
1.675e+00 8.288e-06
1.680e+00 7.981e-06
1.685e+00 6.447e-06
1.690e+00 6.140e-06
1.695e+00 4.912e-06
1.700e+00 3.684e-06
1.705e+00 5.833e-06
1.710e+00 4.605e-06
1.715e+00 4.605e-06
1.720e+00 7.061e-06
1.725e+00 4.605e-06
1.730e+00 4.605e-06
1.735e+00 1.535e-06
1.740e+00 3.377e-06
1.745e+00 5.526e-06
1.750e+00 4.912e-06
1.755e+00 4.605e-06
1.760e+00 2.763e-06
1.765e+00 4.912e-06
1.770e+00 5.219e-06
1.775e+00 5.833e-06
1.780e+00 5.833e-06
1.785e+00 4.298e-06
1.790e+00 6.447e-06
1.795e+00 8.288e-06
1.800e+00 3.377e-06
1.805e+00 4.912e-06
1.810e+00 4.912e-06
1.815e+00 3.991e-06
1.820e+00 4.912e-06
1.825e+00 2.456e-06
1.830e+00 1.535e-06
1.835e+00 2.763e-06
1.840e+00 3.070e-06
1.845e+00 3.991e-06
1.850e+00 3.684e-06
1.855e+00 2.149e-06
1.860e+00 3.070e-06
1.865e+00 2.763e-06
1.870e+00 2.763e-06
1.875e+00 3.991e-06
1.880e+00 6.447e-06
1.885e+00 2.763e-06
1.890e+00 3.070e-06
1.895e+00 1.228e-06
1.900e+00 5.219e-06
1.905e+00 4.298e-06
1.910e+00 3.070e-06
1.915e+00 3.070e-06
1.920e+00 1.535e-06
1.925e+00 2.763e-06
1.930e+00 2.149e-06
1.935e+00 3.991e-06
1.940e+00 9.209e-07
1.945e+00 3.377e-06
1.950e+00 3.070e-06
1.955e+00 1.535e-06
1.960e+00 1.842e-06
1.965e+00 3.684e-06
1.970e+00 1.842e-06
1.975e+00 2.763e-06
1.980e+00 9.209e-07
1.985e+00 1.228e-06
1.990e+00 2.456e-06
1.995e+00 3.991e-06
2.000e+00 3.070e-07
2.005e+00 1.842e-06
2.010e+00 2.763e-06
2.015e+00 1.228e-06
2.020e+00 2.149e-06
2.025e+00 2.149e-06
2.030e+00 6.140e-07
2.035e+00 1.535e-06
2.040e+00 1.228e-06
2.045e+00 2.149e-06
2.050e+00 1.228e-06
2.055e+00 2.456e-06
2.060e+00 2.763e-06
2.065e+00 2.763e-06
2.070e+00 2.149e-06
2.075e+00 9.209e-07
2.080e+00 9.209e-07
2.085e+00 2.456e-06
2.090e+00 -3.070e-07
2.095e+00 6.140e-07
2.100e+00 2.456e-06
2.105e+00 1.228e-06
2.110e+00 6.140e-07
2.115e+00 3.070e-07
2.120e+00 2.456e-06
2.125e+00 1.535e-06
2.130e+00 9.209e-07
2.135e+00 9.209e-07
2.140e+00 3.991e-06
2.145e+00 0.000e+00
2.150e+00 6.140e-07
2.155e+00 4.605e-06
2.160e+00 1.228e-06
2.165e+00 2.149e-06
2.170e+00 1.535e-06
2.175e+00 6.140e-07
2.180e+00 9.209e-07
2.185e+00 9.209e-07
2.190e+00 9.209e-07
2.195e+00 0.000e+00
2.200e+00 1.228e-06
2.205e+00 1.842e-06
2.210e+00 1.228e-06
2.215e+00 1.842e-06
2.220e+00 9.209e-07
2.225e+00 9.209e-07
2.230e+00 1.535e-06
2.235e+00 0.000e+00
2.240e+00 6.140e-07
2.245e+00 2.456e-06
2.250e+00 9.209e-07
2.255e+00 9.209e-07
2.260e+00 9.209e-07
2.265e+00 9.209e-07
2.270e+00 1.842e-06
2.275e+00 6.140e-07
2.280e+00 6.140e-07
2.285e+00 2.456e-06
2.290e+00 1.535e-06
2.295e+00 9.209e-07
2.300e+00 1.228e-06
2.305e+00 0.000e+00
2.310e+00 9.209e-07
2.315e+00 -6.140e-07
2.320e+00 6.140e-07
2.325e+00 9.209e-07
2.330e+00 3.070e-07
2.335e+00 9.209e-07
2.340e+00 1.842e-06
2.345e+00 9.209e-07
2.350e+00 3.070e-07
2.355e+00 3.070e-07
2.360e+00 1.228e-06
2.365e+00 9.209e-07
2.370e+00 3.070e-07
2.375e+00 9.209e-07
2.380e+00 0.000e+00
2.385e+00 3.070e-07
2.390e+00 6.140e-07
2.395e+00 3.070e-07
2.400e+00 0.000e+00
2.405e+00 6.140e-07
2.410e+00 0.000e+00
2.415e+00 6.140e-07
2.420e+00 1.228e-06
2.425e+00 1.228e-06
2.430e+00 -3.070e-07
2.435e+00 -3.070e-07
2.440e+00 0.000e+00
2.445e+00 3.070e-07
2.450e+00 6.140e-07
2.455e+00 3.070e-07
2.460e+00 9.209e-07
2.465e+00 -3.070e-07
2.470e+00 0.000e+00
2.475e+00 3.070e-07
2.480e+00 6.140e-07
2.485e+00 0.000e+00
2.490e+00 9.209e-07
2.495e+00 0.000e+00
2.500e+00 3.070e-07
