0.000e+00 3.427e+02
5.000e-03 6.172e+01
1.000e-02 3.533e+01
1.500e-02 2.409e+01
2.000e-02 1.696e+01
2.500e-02 1.161e+01
3.000e-02 7.533e+00
3.500e-02 4.775e+00
4.000e-02 3.115e+00
4.500e-02 2.261e+00
5.000e-02 1.835e+00
5.500e-02 1.582e+00
6.000e-02 1.451e+00
6.500e-02 1.351e+00
7.000e-02 1.284e+00
7.500e-02 1.252e+00
8.000e-02 1.221e+00
8.500e-02 1.209e+00
9.000e-02 1.195e+00
9.500e-02 1.187e+00
1.000e-01 1.174e+00
1.050e-01 1.171e+00
1.100e-01 1.167e+00
1.150e-01 1.161e+00
1.200e-01 1.151e+00
1.250e-01 1.148e+00
1.300e-01 1.147e+00
1.350e-01 1.144e+00
1.400e-01 1.126e+00
1.450e-01 1.113e+00
1.500e-01 1.100e+00
1.550e-01 1.095e+00
1.600e-01 1.082e+00
1.650e-01 1.067e+00
1.700e-01 1.054e+00
1.750e-01 1.046e+00
1.800e-01 1.042e+00
1.850e-01 1.031e+00
1.900e-01 1.021e+00
1.950e-01 1.000e+00
2.000e-01 9.710e-01
2.050e-01 9.239e-01
2.100e-01 8.586e-01
2.150e-01 7.788e-01
2.200e-01 6.819e-01
2.250e-01 5.801e-01
2.300e-01 4.776e-01
2.350e-01 3.837e-01
2.400e-01 2.956e-01
2.450e-01 2.209e-01
2.500e-01 1.686e-01
2.550e-01 1.272e-01
2.600e-01 9.536e-02
2.650e-01 7.577e-02
2.700e-01 6.370e-02
2.750e-01 5.562e-02
2.800e-01 4.902e-02
2.850e-01 4.244e-02
2.900e-01 3.619e-02
2.950e-01 3.059e-02
3.000e-01 2.642e-02
3.050e-01 2.353e-02
3.100e-01 2.186e-02
3.150e-01 2.030e-02
3.200e-01 1.879e-02
3.250e-01 1.705e-02
3.300e-01 1.513e-02
3.350e-01 1.334e-02
3.400e-01 1.179e-02
3.450e-01 1.059e-02
3.500e-01 9.833e-03
3.550e-01 9.445e-03
3.600e-01 9.066e-03
3.650e-01 8.699e-03
3.700e-01 7.983e-03
3.750e-01 7.270e-03
3.800e-01 6.425e-03
3.850e-01 5.685e-03
3.900e-01 5.168e-03
3.950e-01 4.860e-03
4.000e-01 4.743e-03
4.050e-01 4.694e-03
4.100e-01 4.602e-03
4.150e-01 4.331e-03
4.200e-01 4.006e-03
4.250e-01 3.543e-03
4.300e-01 3.206e-03
4.350e-01 2.864e-03
4.400e-01 2.625e-03
4.450e-01 2.574e-03
4.500e-01 2.588e-03
4.550e-01 2.591e-03
4.600e-01 2.536e-03
4.650e-01 2.364e-03
4.700e-01 2.223e-03
4.750e-01 1.965e-03
4.800e-01 1.714e-03
4.850e-01 1.555e-03
4.900e-01 1.482e-03
4.950e-01 1.432e-03
5.000e-01 1.434e-03
5.050e-01 1.473e-03
5.100e-01 1.443e-03
5.150e-01 1.382e-03
5.200e-01 1.281e-03
5.250e-01 1.150e-03
5.300e-01 1.011e-03
5.350e-01 9.174e-04
5.400e-01 8.630e-04
5.450e-01 8.635e-04
5.500e-01 8.620e-04
5.550e-01 8.879e-04
5.600e-01 8.926e-04
5.650e-01 8.700e-04
5.700e-01 7.940e-04
5.750e-01 7.120e-04
5.800e-01 6.312e-04
5.850e-01 5.619e-04
5.900e-01 5.283e-04
5.950e-01 5.257e-04
6.000e-01 5.291e-04
6.050e-01 5.511e-04
6.100e-01 5.603e-04
6.150e-01 5.480e-04
6.200e-01 5.164e-04
6.250e-01 4.720e-04
6.300e-01 4.069e-04
6.350e-01 3.811e-04
6.400e-01 3.329e-04
6.450e-01 3.176e-04
6.500e-01 3.343e-04
6.550e-01 3.474e-04
6.600e-01 3.430e-04
6.650e-01 3.642e-04
6.700e-01 3.422e-04
6.750e-01 3.107e-04
6.800e-01 2.890e-04
6.850e-01 2.469e-04
6.900e-01 2.250e-04
6.950e-01 2.203e-04
7.000e-01 2.155e-04
7.050e-01 2.227e-04
7.100e-01 2.353e-04
7.150e-01 2.325e-04
7.200e-01 2.318e-04
7.250e-01 2.270e-04
7.300e-01 2.031e-04
7.350e-01 1.848e-04
7.400e-01 1.699e-04
7.450e-01 1.634e-04
7.500e-01 1.591e-04
7.550e-01 1.590e-04
7.600e-01 1.639e-04
7.650e-01 1.673e-04
7.700e-01 1.732e-04
7.750e-01 1.634e-04
7.800e-01 1.510e-04
7.850e-01 1.391e-04
7.900e-01 1.301e-04
7.950e-01 1.191e-04
8.000e-01 1.218e-04
8.050e-01 1.137e-04
8.100e-01 1.154e-04
8.150e-01 1.176e-04
8.200e-01 1.211e-04
8.250e-01 1.216e-04
8.300e-01 1.119e-04
8.350e-01 1.084e-04
8.400e-01 1.028e-04
8.450e-01 8.577e-05
8.500e-01 8.500e-05
8.550e-01 8.629e-05
8.600e-01 8.543e-05
8.650e-01 8.680e-05
8.700e-01 9.339e-05
8.750e-01 8.894e-05
8.800e-01 8.663e-05
8.850e-01 8.295e-05
8.900e-01 7.252e-05
8.950e-01 7.055e-05
9.000e-01 6.020e-05
9.050e-01 6.286e-05
9.100e-01 6.243e-05
9.150e-01 6.234e-05
9.200e-01 6.345e-05
9.250e-01 6.226e-05
9.300e-01 6.132e-05
9.350e-01 6.020e-05
9.400e-01 5.636e-05
9.450e-01 5.336e-05
9.500e-01 5.046e-05
9.550e-01 4.678e-05
9.600e-01 4.498e-05
9.650e-01 4.370e-05
9.700e-01 4.721e-05
9.750e-01 5.165e-05
9.800e-01 4.857e-05
9.850e-01 4.558e-05
9.900e-01 4.609e-05
9.950e-01 4.071e-05
1.000e+00 4.011e-05
1.005e+00 3.498e-05
1.010e+00 3.575e-05
1.015e+00 3.138e-05
1.020e+00 3.652e-05
1.025e+00 3.301e-05
1.030e+00 3.489e-05
1.035e+00 3.438e-05
1.040e+00 3.814e-05
1.045e+00 3.361e-05
1.050e+00 3.224e-05
1.055e+00 2.728e-05
1.060e+00 2.694e-05
1.065e+00 2.403e-05
1.070e+00 3.190e-05
1.075e+00 2.617e-05
1.080e+00 2.890e-05
1.085e+00 2.788e-05
1.090e+00 2.566e-05
1.095e+00 2.429e-05
1.100e+00 2.309e-05
1.105e+00 2.394e-05
1.110e+00 1.993e-05
1.115e+00 2.018e-05
1.120e+00 2.035e-05
1.125e+00 2.027e-05
1.130e+00 1.864e-05
1.135e+00 1.916e-05
1.140e+00 2.078e-05
1.145e+00 2.326e-05
1.150e+00 1.822e-05
1.155e+00 1.881e-05
1.160e+00 1.770e-05
1.165e+00 2.010e-05
1.170e+00 1.642e-05
1.175e+00 1.616e-05
1.180e+00 1.745e-05
1.185e+00 1.685e-05
1.190e+00 1.676e-05
1.195e+00 1.787e-05
1.200e+00 1.796e-05
1.205e+00 1.223e-05
1.210e+00 1.343e-05
1.215e+00 1.214e-05
1.220e+00 1.240e-05
1.225e+00 1.291e-05
1.230e+00 1.257e-05
1.235e+00 1.291e-05
1.240e+00 1.308e-05
1.245e+00 1.437e-05
1.250e+00 1.300e-05
1.255e+00 1.197e-05
1.260e+00 1.308e-05
1.265e+00 9.749e-06
1.270e+00 7.953e-06
1.275e+00 9.835e-06
1.280e+00 9.492e-06
1.285e+00 1.043e-05
1.290e+00 9.578e-06
1.295e+00 1.026e-05
1.300e+00 9.407e-06
1.305e+00 9.492e-06
1.310e+00 8.295e-06
1.315e+00 5.986e-06
1.320e+00 6.756e-06
1.325e+00 7.953e-06
1.330e+00 6.841e-06
1.335e+00 5.046e-06
1.340e+00 7.269e-06
1.345e+00 7.183e-06
1.350e+00 9.065e-06
1.355e+00 7.782e-06
1.360e+00 7.183e-06
1.365e+00 6.499e-06
1.370e+00 6.328e-06
1.375e+00 6.243e-06
1.380e+00 6.585e-06
1.385e+00 6.157e-06
1.390e+00 6.756e-06
1.395e+00 6.927e-06
1.400e+00 7.440e-06
1.405e+00 7.183e-06
1.410e+00 5.986e-06
1.415e+00 5.131e-06
1.420e+00 5.388e-06
1.425e+00 5.901e-06
1.430e+00 4.789e-06
1.435e+00 4.361e-06
1.440e+00 5.302e-06
1.445e+00 5.388e-06
1.450e+00 4.960e-06
1.455e+00 4.874e-06
1.460e+00 4.789e-06
1.465e+00 4.960e-06
1.470e+00 5.302e-06
1.475e+00 4.789e-06
1.480e+00 3.164e-06
1.485e+00 4.703e-06
1.490e+00 2.480e-06
1.495e+00 3.592e-06
1.500e+00 2.993e-06
1.505e+00 4.361e-06
1.510e+00 5.302e-06
1.515e+00 5.730e-06
1.520e+00 3.592e-06
1.525e+00 4.447e-06
1.530e+00 3.335e-06
1.535e+00 3.421e-06
1.540e+00 2.908e-06
1.545e+00 3.335e-06
1.550e+00 2.651e-06
1.555e+00 3.250e-06
1.560e+00 3.763e-06
1.565e+00 2.993e-06
1.570e+00 3.335e-06
1.575e+00 3.421e-06
1.580e+00 2.394e-06
1.585e+00 2.822e-06
1.590e+00 3.934e-06
1.595e+00 2.480e-06
1.600e+00 2.480e-06
1.605e+00 1.967e-06
1.610e+00 1.710e-06
1.615e+00 2.737e-06
1.620e+00 2.737e-06
1.625e+00 2.138e-06
1.630e+00 2.993e-06
1.635e+00 2.394e-06
1.640e+00 2.309e-06
1.645e+00 1.454e-06
1.650e+00 2.480e-06
1.655e+00 1.368e-06
1.660e+00 1.710e-06
1.665e+00 1.539e-06
1.670e+00 1.710e-06
1.675e+00 2.309e-06
1.680e+00 2.223e-06
1.685e+00 1.796e-06
1.690e+00 1.710e-06
1.695e+00 1.368e-06
1.700e+00 1.026e-06
1.705e+00 1.625e-06
1.710e+00 1.283e-06
1.715e+00 1.283e-06
1.720e+00 1.967e-06
1.725e+00 1.283e-06
1.730e+00 1.283e-06
1.735e+00 4.276e-07
1.740e+00 9.407e-07
1.745e+00 1.539e-06
1.750e+00 1.368e-06
1.755e+00 1.283e-06
1.760e+00 7.697e-07
1.765e+00 1.368e-06
1.770e+00 1.454e-06
1.775e+00 1.625e-06
1.780e+00 1.625e-06
1.785e+00 1.197e-06
1.790e+00 1.796e-06
1.795e+00 2.309e-06
1.800e+00 9.407e-07
1.805e+00 1.368e-06
1.810e+00 1.368e-06
1.815e+00 1.112e-06
1.820e+00 1.368e-06
1.825e+00 6.841e-07
1.830e+00 4.276e-07
1.835e+00 7.697e-07
1.840e+00 8.552e-07
1.845e+00 1.112e-06
1.850e+00 1.026e-06
1.855e+00 5.986e-07
1.860e+00 8.552e-07
1.865e+00 7.697e-07
1.870e+00 7.697e-07
1.875e+00 1.112e-06
1.880e+00 1.796e-06
1.885e+00 7.697e-07
1.890e+00 8.552e-07
1.895e+00 3.421e-07
1.900e+00 1.454e-06
1.905e+00 1.197e-06
1.910e+00 8.552e-07
1.915e+00 8.552e-07
1.920e+00 4.276e-07
1.925e+00 7.697e-07
1.930e+00 5.986e-07
1.935e+00 1.112e-06
1.940e+00 2.566e-07
1.945e+00 9.407e-07
1.950e+00 8.552e-07
1.955e+00 4.276e-07
1.960e+00 5.131e-07
1.965e+00 1.026e-06
1.970e+00 5.131e-07
1.975e+00 7.697e-07
1.980e+00 2.566e-07
1.985e+00 3.421e-07
1.990e+00 6.841e-07
1.995e+00 1.112e-06
2.000e+00 8.552e-08
2.005e+00 5.131e-07
2.010e+00 7.697e-07
2.015e+00 3.421e-07
2.020e+00 5.986e-07
2.025e+00 5.986e-07
2.030e+00 1.710e-07
2.035e+00 4.276e-07
2.040e+00 3.421e-07
2.045e+00 5.986e-07
2.050e+00 3.421e-07
2.055e+00 6.841e-07
2.060e+00 7.697e-07
2.065e+00 7.697e-07
2.070e+00 5.986e-07
2.075e+00 2.566e-07
2.080e+00 2.566e-07
2.085e+00 6.841e-07
2.090e+00 -8.552e-08
2.095e+00 1.710e-07
2.100e+00 6.841e-07
2.105e+00 3.421e-07
2.110e+00 1.710e-07
2.115e+00 8.552e-08
2.120e+00 6.841e-07
2.125e+00 4.276e-07
2.130e+00 2.566e-07
2.135e+00 2.566e-07
2.140e+00 1.112e-06
2.145e+00 0.000e+00
2.150e+00 1.710e-07
2.155e+00 1.283e-06
2.160e+00 3.421e-07
2.165e+00 5.986e-07
2.170e+00 4.276e-07
2.175e+00 1.710e-07
2.180e+00 2.566e-07
2.185e+00 2.566e-07
2.190e+00 2.566e-07
2.195e+00 0.000e+00
2.200e+00 3.421e-07
2.205e+00 5.131e-07
2.210e+00 3.421e-07
2.215e+00 5.131e-07
2.220e+00 2.566e-07
2.225e+00 2.566e-07
2.230e+00 4.276e-07
2.235e+00 0.000e+00
2.240e+00 1.710e-07
2.245e+00 6.841e-07
2.250e+00 2.566e-07
2.255e+00 2.566e-07
2.260e+00 2.566e-07
2.265e+00 2.566e-07
2.270e+00 5.131e-07
2.275e+00 1.710e-07
2.280e+00 1.710e-07
2.285e+00 6.841e-07
2.290e+00 4.276e-07
2.295e+00 2.566e-07
2.300e+00 3.421e-07
2.305e+00 0.000e+00
2.310e+00 2.566e-07
2.315e+00 -1.710e-07
2.320e+00 1.710e-07
2.325e+00 2.566e-07
2.330e+00 8.552e-08
2.335e+00 2.566e-07
2.340e+00 5.131e-07
2.345e+00 2.566e-07
2.350e+00 8.552e-08
2.355e+00 8.552e-08
2.360e+00 3.421e-07
2.365e+00 2.566e-07
2.370e+00 8.552e-08
2.375e+00 2.566e-07
2.380e+00 0.000e+00
2.385e+00 8.552e-08
2.390e+00 1.710e-07
2.395e+00 8.552e-08
2.400e+00 0.000e+00
2.405e+00 1.710e-07
2.410e+00 0.000e+00
2.415e+00 1.710e-07
2.420e+00 3.421e-07
2.425e+00 3.421e-07
2.430e+00 -8.552e-08
2.435e+00 -8.552e-08
2.440e+00 0.000e+00
2.445e+00 8.552e-08
2.450e+00 1.710e-07
2.455e+00 8.552e-08
2.460e+00 2.566e-07
2.465e+00 -8.552e-08
2.470e+00 0.000e+00
2.475e+00 8.552e-08
2.480e+00 1.710e-07
2.485e+00 0.000e+00
2.490e+00 2.566e-07
2.495e+00 0.000e+00
2.500e+00 8.552e-08
